12 0 12 [0 3 1 4 2 6 5 7]
11 1 10 [2 3 1 4 0 6 5 7]
13 3 10 [2 3 1 4 7 6 5 0]
14 2 12 [2 3 1 4 6 0 5 7]
15 3 12 [2 3 1 4 6 5 0 7]
13 4 9 [2 3 1 4 6 5 7 0]
12 1 11 [3 0 1 4 2 6 5 7]
14 2 12 [3 1 0 4 2 6 5 7]
11 3 8 [7 3 1 4 2 6 5 0]
16 3 13 [2 3 1 4 0 6 5 7]
16 5 11 [2 3 1 0 6 5 7 4]
14 6 8 [2 3 1 4 6 5 7 0]
14 3 11 [3 1 5 4 2 6 0 7]
15 4 11 [3 1 5 4 2 6 7 0]
18 3 15 [3 1 4 0 2 6 5 7]
20 5 15 [2 3 1 4 7 6 5 0]
11 2 9 [4 3 1 0 2 6 5 7]
15 4 11 [2 3 0 4 6 5 1 7]
13 5 8 [2 3 1 4 6 5 0 7]
10 6 4 [2 3 1 4 6 5 7 0]
14 2 12 [3 6 1 4 2 0 5 7]
14 3 11 [3 6 1 4 2 5 0 7]
13 4 9 [3 6 1 4 2 5 7 0]
13 4 9 [2 3 1 4 6 0 5 7]
16 5 11 [2 3 1 4 6 5 0 7]
17 6 11 [2 3 1 4 6 5 7 0]
19 4 15 [3 1 0 4 2 6 5 7]
14 4 10 [3 1 4 7 2 6 5 0]
12 4 8 [3 1 0 4 2 6 5 7]
14 3 11 [6 3 1 4 2 0 5 7]
13 4 9 [6 3 1 4 2 5 0 7]
13 5 8 [6 3 1 4 2 5 7 0]
15 7 8 [2 3 1 0 6 5 7 4]
16 8 8 [2 3 1 4 6 5 7 0]
16 7 9 [2 3 1 4 6 5 0 7]
19 8 11 [2 3 1 4 6 5 7 0]
20 5 15 [3 1 5 0 2 6 7 4]
18 6 12 [3 1 5 4 2 6 7 0]
14 3 11 [4 3 1 7 2 6 5 0]
16 5 11 [2 3 4 0 6 5 1 7]
13 5 8 [2 0 3 4 6 5 1 7]
18 3 15 [3 6 1 4 0 2 5 7]
18 5 13 [3 6 1 0 2 5 7 4]
12 6 6 [3 6 1 4 2 5 7 0]
16 5 11 [2 3 1 4 0 6 5 7]
19 7 12 [2 3 1 4 6 5 0 7]
18 8 10 [2 3 1 4 6 5 7 0]
20 5 15 [3 1 5 4 2 6 0 7]
15 6 9 [3 1 5 4 2 6 7 0]
15 5 10 [3 1 4 0 2 6 5 7]
18 5 13 [3 1 4 0 2 6 5 7]
19 5 14 [3 1 4 0 2 6 5 7]
21 5 16 [3 6 1 4 7 2 5 0]
12 7 5 [2 3 1 4 7 6 5 0]
14 4 10 [7 3 1 0 2 6 5 4]
16 5 11 [7 3 1 4 2 6 5 0]
15 6 9 [2 3 1 0 7 6 5 4]
15 7 8 [2 3 1 4 7 6 5 0]
18 4 14 [0 3 1 4 2 6 5 7]
17 5 12 [2 3 1 4 0 6 5 7]
19 7 12 [2 3 1 4 7 6 5 0]
14 6 8 [2 3 1 4 6 0 5 7]
14 7 7 [2 3 1 4 6 5 0 7]
17 8 9 [2 3 1 4 6 5 7 0]
18 4 14 [3 6 0 4 2 5 1 7]
18 5 13 [3 6 1 4 2 5 0 7]
16 6 10 [3 6 1 4 2 5 7 0]
16 4 12 [6 3 1 4 0 2 5 7]
17 6 11 [6 3 1 0 2 5 7 4]
20 7 13 [6 3 1 4 2 5 7 0]
22 6 16 [2 3 4 7 6 5 1 0]
15 6 9 [2 3 0 4 6 5 1 7]
17 7 10 [2 3 1 4 6 5 0 7]
16 8 8 [2 3 1 4 6 5 7 0]
19 6 13 [2 5 3 4 6 0 1 7]
19 7 12 [2 5 3 4 6 1 0 7]
13 8 5 [2 5 3 4 6 1 7 0]
15 6 9 [0 2 3 4 6 5 1 7]
15 4 11 [3 6 1 4 2 0 5 7]
12 5 7 [3 6 1 4 2 5 0 7]
16 6 10 [3 6 1 4 2 5 7 0]
16 6 10 [3 1 0 4 2 6 5 7]
15 6 9 [3 1 4 7 2 6 5 0]
15 6 9 [3 1 0 4 2 6 5 7]
18 6 12 [3 1 4 7 2 6 5 0]
19 6 13 [3 1 0 4 2 6 5 7]
21 6 15 [3 1 4 7 2 6 5 0]
13 6 7 [3 1 0 4 2 6 5 7]
15 6 9 [6 3 1 4 7 2 5 0]
15 3 12 [4 3 0 1 2 6 5 7]
12 4 8 [4 3 1 0 2 6 5 7]
16 5 11 [2 0 1 4 6 3 5 7]
16 6 10 [2 3 1 4 6 0 5 7]
15 7 8 [2 3 1 4 6 5 0 7]
15 8 7 [2 3 1 4 6 5 7 0]
18 6 12 [2 1 0 4 6 3 5 7]
19 5 14 [6 3 0 4 2 5 1 7]
19 6 13 [6 3 1 4 2 5 0 7]
13 7 6 [6 3 1 4 2 5 7 0]
17 9 8 [2 3 1 0 6 5 7 4]
15 10 5 [2 3 1 4 6 5 7 0]
12 9 3 [2 3 1 4 6 5 0 7]
16 10 6 [2 3 1 4 6 5 7 0]
16 9 7 [2 3 1 0 6 5 7 4]
15 10 5 [2 3 1 4 6 5 7 0]
15 7 8 [3 1 5 0 2 6 7 4]
18 8 10 [3 1 5 4 2 6 7 0]
19 7 12 [3 1 5 4 2 6 0 7]
21 8 13 [3 1 5 4 2 6 7 0]
15 7 8 [3 6 1 0 2 5 7 4]
15 8 7 [3 6 1 4 2 5 7 0]
17 7 10 [3 6 1 4 2 5 0 7]
15 8 7 [3 6 1 4 2 5 7 0]
17 9 8 [2 3 1 4 6 5 0 7]
20 10 10 [2 3 1 4 6 5 7 0]
19 7 12 [3 1 5 4 2 6 0 7]
21 8 13 [3 1 5 4 2 6 7 0]
15 5 10 [3 0 1 4 2 6 5 7]
15 6 9 [3 1 0 4 2 6 5 7]
17 7 10 [7 3 1 4 2 6 5 0]
14 7 7 [2 3 1 4 0 6 5 7]
18 9 9 [2 3 1 4 6 5 0 7]
16 10 6 [2 3 1 4 6 5 7 0]
13 5 8 [3 6 4 0 2 5 1 7]
17 7 10 [3 6 1 4 2 5 0 7]
17 8 9 [3 6 1 4 2 5 7 0]
16 5 11 [0 3 1 4 6 2 5 7]
16 7 9 [2 3 4 0 6 5 1 7]
19 7 12 [2 3 4 0 6 5 1 7]
20 7 13 [2 0 3 4 6 5 1 7]
20 9 11 [2 3 1 0 6 5 7 4]
14 10 4 [2 3 1 4 6 5 7 0]
18 7 11 [2 0 3 4 6 5 1 7]
21 7 14 [2 5 3 4 0 6 1 7]
20 9 11 [2 5 3 0 6 1 7 4]
22 10 12 [2 5 3 4 6 1 7 0]
17 7 10 [6 2 3 4 0 5 1 7]
17 8 9 [6 2 3 4 5 0 1 7]
20 9 11 [6 2 3 4 5 1 0 7]
21 10 11 [6 2 3 4 5 1 7 0]
23 7 16 [2 0 3 4 6 5 1 7]
14 9 5 [5 2 3 4 6 0 1 7]
18 10 8 [5 2 3 4 6 1 0 7]
18 11 7 [5 2 3 4 6 1 7 0]
17 9 8 [7 2 3 4 6 5 1 0]
17 5 12 [3 6 1 4 0 2 5 7]
20 7 13 [3 1 5 4 2 6 0 7]
21 8 13 [3 1 5 4 2 6 7 0]
23 7 16 [3 1 4 0 2 6 5 7]
14 7 7 [3 1 4 0 2 6 5 7]
18 7 11 [3 1 4 0 2 6 5 7]
19 7 12 [3 1 4 0 2 6 5 7]
20 7 13 [3 1 5 4 2 6 0 7]
20 8 12 [3 1 5 4 2 6 7 0]
17 7 10 [3 1 4 0 2 6 5 7]
17 7 10 [3 1 4 0 2 6 5 7]
20 7 13 [3 1 4 0 2 6 5 7]
19 5 14 [4 3 1 7 2 6 5 0]
21 7 14 [2 3 1 4 0 6 5 7]
16 7 9 [2 1 5 4 6 3 0 7]
18 8 10 [2 1 5 4 6 3 7 0]
21 7 14 [2 1 4 0 6 3 5 7]
22 7 15 [3 1 4 0 2 6 5 7]
20 9 11 [2 3 1 4 7 6 5 0]
16 9 7 [2 5 3 4 7 6 1 0]
16 9 7 [6 2 3 4 7 5 1 0]
21 11 10 [6 2 3 0 5 1 7 4]
18 12 6 [6 2 3 4 5 1 7 0]
22 7 15 [3 6 1 4 7 2 5 0]
16 9 7 [2 3 1 4 7 6 5 0]
16 4 12 [6 0 1 4 2 3 5 7]
16 5 11 [6 3 1 4 2 0 5 7]
16 6 10 [6 3 1 4 2 5 0 7]
18 7 11 [6 3 1 4 2 5 7 0]
15 5 10 [6 1 0 4 2 3 5 7]
18 8 10 [2 3 0 4 6 5 1 7]
20 9 11 [2 3 1 4 6 5 0 7]
14 10 4 [2 3 1 4 6 5 7 0]
18 6 12 [0 3 1 4 2 6 5 7]
19 7 12 [2 3 1 4 0 6 5 7]
20 9 11 [2 3 1 4 7 6 5 0]
20 6 14 [7 3 1 4 2 6 0 5]
17 7 10 [7 3 1 4 2 6 5 0]
17 8 9 [2 3 1 4 7 6 0 5]
20 9 11 [2 3 1 4 7 6 5 0]
21 6 15 [4 3 1 0 2 6 5 7]
21 8 13 [2 3 0 4 6 5 1 7]
16 9 7 [2 3 1 4 6 5 0 7]
18 10 8 [2 3 1 4 6 5 7 0]
15 8 7 [2 3 1 4 6 0 5 7]
20 9 11 [2 3 1 4 6 5 0 7]
20 10 10 [2 3 1 4 6 5 7 0]
14 8 6 [6 3 1 0 2 5 7 4]
18 9 9 [6 3 1 4 2 5 7 0]
18 8 10 [6 3 1 4 2 5 0 7]
17 9 8 [6 3 1 4 2 5 7 0]
17 8 9 [2 3 1 4 6 0 5 7]
20 9 11 [2 3 1 4 6 5 0 7]
21 10 11 [2 3 1 4 6 5 7 0]
23 8 15 [2 5 0 4 6 1 3 7]
14 9 5 [2 5 3 4 6 1 0 7]
16 10 6 [2 5 3 4 6 1 7 0]
18 8 10 [4 2 3 0 6 5 1 7]
17 6 11 [3 6 1 4 2 0 5 7]
17 7 10 [3 6 1 4 2 5 0 7]
20 8 12 [3 6 1 4 2 5 7 0]
19 4 15 [4 3 5 1 2 6 0 7]
21 5 16 [4 3 5 1 2 6 7 0]
16 4 12 [4 0 3 1 2 6 5 7]
16 6 10 [0 2 1 4 6 3 5 7]
19 8 11 [2 3 0 4 6 5 1 7]
20 9 11 [2 3 1 4 6 5 0 7]
20 10 10 [2 3 1 4 6 5 7 0]
16 6 10 [6 3 4 0 2 5 1 7]
16 8 8 [6 3 1 4 2 5 0 7]
19 9 10 [6 3 1 4 2 5 7 0]
20 8 12 [3 1 0 4 2 6 5 7]
20 8 12 [3 1 0 4 2 6 5 7]
16 6 10 [3 6 4 7 2 5 1 0]
16 6 10 [6 3 1 4 0 2 5 7]
19 6 13 [3 0 1 4 6 2 5 7]
20 7 13 [3 2 1 4 6 0 5 7]
20 8 12 [3 2 1 4 6 5 0 7]
18 9 9 [3 2 1 4 6 5 7 0]
18 7 11 [3 1 0 4 6 2 5 7]
19 8 11 [2 3 1 4 6 0 5 7]
22 9 13 [2 3 1 4 6 5 0 7]
22 10 12 [2 3 1 4 6 5 7 0]
18 8 10 [7 3 1 4 6 2 5 0]
18 8 10 [2 3 4 7 6 5 1 0]
19 8 11 [2 3 4 7 6 5 1 0]
22 8 14 [2 5 3 4 6 0 1 7]
24 9 15 [2 5 3 4 6 1 0 7]
15 10 5 [2 5 3 4 6 1 7 0]
19 8 11 [0 2 3 4 6 5 1 7]
20 8 12 [2 5 3 4 6 0 1 7]
21 9 12 [2 5 3 4 6 1 0 7]
21 10 11 [2 5 3 4 6 1 7 0]
18 10 8 [2 0 3 4 5 6 1 7]
18 10 8 [6 2 0 4 5 1 3 7]
21 11 10 [6 2 3 4 5 1 0 7]
22 12 10 [6 2 3 4 5 1 7 0]
20 8 12 [2 3 0 4 6 5 1 7]
15 9 6 [2 3 1 4 6 5 0 7]
19 10 9 [2 3 1 4 6 5 7 0]
22 8 14 [0 2 3 4 6 5 1 7]
21 10 11 [5 2 3 4 0 6 1 7]
21 12 9 [5 2 3 0 6 1 7 4]
18 13 5 [5 2 3 4 6 1 7 0]
18 6 12 [3 6 1 4 2 0 5 7]
19 7 12 [3 6 1 4 2 5 0 7]
22 8 14 [3 6 1 4 2 5 7 0]
24 8 16 [3 1 0 4 2 6 5 7]
15 8 7 [3 1 4 7 2 6 5 0]
17 8 9 [3 1 0 4 2 6 5 7]
18 8 10 [3 1 4 7 2 6 5 0]
19 8 11 [3 1 0 4 2 6 5 7]
17 8 9 [3 1 4 7 2 6 5 0]
16 8 8 [3 1 0 4 2 6 5 7]
18 8 10 [3 1 4 7 2 6 5 0]
15 8 7 [3 1 0 4 2 6 5 7]
20 8 12 [3 1 0 4 2 6 5 7]
20 8 12 [3 1 4 7 2 6 5 0]
18 8 10 [3 1 0 4 2 6 5 7]
18 8 10 [3 1 4 7 2 6 5 0]
19 8 11 [3 1 0 4 2 6 5 7]
22 8 14 [3 1 4 7 2 6 5 0]
24 8 16 [3 1 0 4 2 6 5 7]
15 6 9 [4 3 1 0 2 6 5 7]
19 8 11 [2 1 0 4 6 3 5 7]
17 8 9 [2 1 5 4 6 0 3 7]
14 8 6 [2 1 4 7 6 3 5 0]
18 8 10 [2 1 0 4 6 3 5 7]
18 8 10 [3 1 4 7 2 6 5 0]
17 8 9 [3 1 0 4 2 6 5 7]
17 6 11 [6 3 1 4 0 2 5 7]
20 6 14 [6 1 5 4 2 3 0 7]
21 7 14 [6 1 5 4 2 3 7 0]
23 6 17 [6 1 4 0 2 3 5 7]
15 8 7 [6 3 1 4 7 2 5 0]
17 8 9 [3 2 1 4 0 6 5 7]
19 10 9 [3 2 1 0 6 5 7 4]
14 11 3 [3 2 1 4 6 5 7 0]
18 8 10 [3 1 5 4 6 2 0 7]
18 9 9 [3 1 5 4 6 2 7 0]
17 8 9 [3 1 4 0 6 2 5 7]
17 12 5 [5 2 3 4 7 6 1 0]
20 8 12 [6 3 1 4 7 2 5 0]
21 10 11 [3 2 1 4 7 6 5 0]
21 9 12 [2 3 1 4 0 6 5 7]
17 5 12 [7 3 0 1 2 6 5 4]
17 6 11 [7 3 1 0 2 6 5 4]
16 7 9 [7 3 1 4 2 6 5 0]
21 7 14 [2 3 0 1 7 6 5 4]
21 8 13 [2 3 1 0 7 6 5 4]
15 9 6 [2 3 1 4 7 6 5 0]
19 5 14 [3 0 6 4 2 5 1 7]
22 6 16 [3 6 0 4 2 5 1 7]
21 7 14 [3 6 1 4 2 5 0 7]
21 8 13 [3 6 1 4 2 5 7 0]
18 7 11 [6 3 1 4 2 0 5 7]
18 8 10 [6 3 1 4 2 5 0 7]
21 9 12 [6 3 1 4 2 5 7 0]
22 11 11 [2 3 1 0 6 5 7 4]
22 12 10 [2 3 1 4 6 5 7 0]
17 11 6 [2 3 1 4 6 5 0 7]
19 12 7 [2 3 1 4 6 5 7 0]
22 11 11 [2 3 1 0 6 5 7 4]
21 12 9 [2 3 1 4 6 5 7 0]
25 11 14 [2 3 1 0 6 5 7 4]
15 12 3 [2 3 1 4 6 5 7 0]
17 11 6 [2 3 1 4 6 5 0 7]
17 12 5 [2 3 1 4 6 5 7 0]
14 9 5 [3 1 5 0 2 6 7 4]
18 10 8 [3 1 5 4 2 6 7 0]
18 9 9 [3 1 5 4 2 6 0 7]
17 10 7 [3 1 5 4 2 6 7 0]
17 9 8 [3 1 5 4 2 6 0 7]
20 10 10 [3 1 5 4 2 6 7 0]
21 9 12 [3 6 1 0 2 5 7 4]
23 10 13 [3 6 1 4 2 5 7 0]
15 9 6 [3 6 1 4 2 5 0 7]
17 10 7 [3 6 1 4 2 5 7 0]
17 9 8 [3 6 1 0 2 5 7 4]
14 10 4 [3 6 1 4 2 5 7 0]
18 11 7 [2 3 1 0 6 5 7 4]
18 12 6 [2 3 1 4 6 5 7 0]
17 11 6 [2 3 1 4 6 5 0 7]
17 12 5 [2 3 1 4 6 5 7 0]
20 9 11 [3 1 5 0 2 6 7 4]
21 10 11 [3 1 5 4 2 6 7 0]
23 9 14 [3 1 5 4 2 6 0 7]
17 10 7 [3 1 5 4 2 6 7 0]
17 9 8 [3 6 1 4 2 5 0 7]
18 10 8 [3 6 1 4 2 5 7 0]
17 7 10 [4 3 1 0 6 2 5 7]
17 11 6 [2 3 1 0 6 5 7 4]
15 12 3 [2 3 1 4 6 5 7 0]
17 11 6 [2 5 3 0 6 1 7 4]
17 12 5 [2 5 3 4 6 1 7 0]
14 11 3 [2 5 3 4 6 1 0 7]
18 12 6 [2 5 3 4 6 1 7 0]
18 9 9 [6 0 3 4 5 2 1 7]
17 10 7 [6 2 3 4 5 0 1 7]
17 11 6 [6 2 3 4 5 1 0 7]
20 12 8 [6 2 3 4 5 1 7 0]
21 11 10 [5 2 0 4 6 1 3 7]
21 12 9 [5 2 3 4 6 1 0 7]
17 13 4 [5 2 3 4 6 1 7 0]
17 9 8 [3 1 5 4 2 6 0 7]
19 10 9 [3 1 5 4 2 6 7 0]
17 9 8 [2 1 5 0 6 3 7 4]
19 10 9 [2 1 5 4 6 3 7 0]
22 13 9 [6 2 3 0 5 1 7 4]
21 14 7 [6 2 3 4 5 1 7 0]
23 13 10 [6 2 3 4 5 1 0 7]
17 14 3 [6 2 3 4 5 1 7 0]
17 5 12 [0 6 1 4 2 3 5 7]
19 6 13 [2 6 1 4 0 3 5 7]
17 8 9 [2 6 1 4 7 3 5 0]
19 9 10 [2 3 4 0 6 5 1 7]
22 9 13 [2 0 3 4 6 5 1 7]
21 11 10 [2 3 1 4 6 5 0 7]
23 12 11 [2 3 1 4 6 5 7 0]
17 9 8 [7 3 1 4 2 6 5 0]
17 7 10 [4 3 1 7 2 6 5 0]
19 9 10 [2 3 4 0 6 5 1 7]
17 9 8 [2 0 3 4 6 5 1 7]
19 11 8 [2 3 1 4 6 5 0 7]
22 12 10 [2 3 1 4 6 5 7 0]
21 9 12 [2 3 1 4 0 6 5 7]
23 9 14 [2 5 4 0 6 1 3 7]
17 9 8 [4 2 3 7 6 5 1 0]
17 7 10 [3 6 1 4 0 2 5 7]
19 9 10 [3 6 1 0 2 5 7 4]
19 10 9 [3 6 1 4 2 5 7 0]
19 5 14 [4 6 3 1 2 0 5 7]
20 6 14 [4 6 3 1 2 5 0 7]
23 7 16 [4 6 3 1 2 5 7 0]
23 5 18 [4 3 0 1 2 6 5 7]
18 6 12 [4 3 1 0 2 6 5 7]
16 5 11 [0 4 3 1 2 6 5 7]
18 7 11 [1 4 3 0 2 6 5 7]
17 8 9 [1 4 3 7 2 6 5 0]
19 9 10 [1 4 3 0 2 6 5 7]
18 6 12 [2 4 3 1 0 6 5 7]
21 9 12 [2 4 3 0 1 6 5 7]
21 10 11 [1 4 3 7 2 6 5 0]
16 8 8 [2 4 3 1 7 6 5 0]
16 10 6 [2 4 3 7 1 6 5 0]
18 7 11 [6 2 1 4 0 3 5 7]
15 9 6 [3 2 1 4 6 0 5 7]
19 10 9 [3 2 1 4 6 5 0 7]
17 11 6 [3 2 1 4 6 5 7 0]
14 9 5 [7 2 1 4 6 3 5 0]
18 9 9 [2 3 4 0 6 5 1 7]
18 9 9 [2 0 3 4 6 5 1 7]
17 11 6 [2 3 1 0 6 5 7 4]
17 12 5 [2 3 1 4 6 5 7 0]
20 7 13 [6 3 4 7 2 5 1 0]
21 9 12 [3 1 5 4 2 6 0 7]
23 10 13 [3 1 5 4 2 6 7 0]
17 9 8 [3 1 4 0 2 6 5 7]
17 9 8 [3 1 4 0 2 6 5 7]
19 7 12 [3 6 4 0 2 5 1 7]
16 7 9 [6 3 1 4 2 0 5 7]
18 8 10 [6 3 1 4 2 5 0 7]
18 9 9 [6 3 1 4 2 5 7 0]
15 9 6 [2 3 1 4 0 6 5 7]
19 11 8 [2 3 1 0 6 5 7 4]
19 12 7 [2 3 1 4 6 5 7 0]
18 9 9 [2 3 4 0 6 5 1 7]
18 9 9 [2 3 4 0 6 5 1 7]
21 9 12 [2 0 3 4 6 5 1 7]
22 9 13 [2 5 3 4 0 6 1 7]
22 11 11 [2 5 3 4 6 1 0 7]
16 12 4 [2 5 3 4 6 1 7 0]
20 9 11 [6 2 3 4 0 5 1 7]
23 10 13 [6 2 3 4 5 0 1 7]
22 11 11 [6 2 3 4 5 1 0 7]
24 12 12 [6 2 3 4 5 1 7 0]
19 9 10 [2 0 3 4 6 5 1 7]
19 11 8 [5 2 3 4 6 0 1 7]
22 12 10 [5 2 3 4 6 1 0 7]
23 13 10 [5 2 3 4 6 1 7 0]
25 11 14 [7 2 3 4 6 5 1 0]
16 9 7 [2 0 3 4 6 5 1 7]
20 9 11 [2 5 3 4 0 6 1 7]
20 11 9 [2 6 3 4 5 0 1 7]
19 12 7 [2 6 3 4 5 1 0 7]
19 13 6 [2 6 3 4 5 1 7 0]
22 11 11 [2 3 0 4 5 6 1 7]
23 12 11 [2 3 1 4 5 6 0 7]
25 13 12 [2 3 1 4 5 6 7 0]
16 11 5 [0 2 3 4 5 6 1 7]
20 11 9 [6 2 4 0 5 1 3 7]
23 9 14 [2 3 4 0 6 5 1 7]
22 9 13 [2 0 3 4 6 5 1 7]
24 11 13 [2 3 1 4 6 5 0 7]
19 12 7 [2 3 1 4 6 5 7 0]
19 9 10 [2 0 3 4 6 5 1 7]
22 11 11 [7 2 3 4 6 5 1 0]
23 11 12 [5 2 3 4 6 0 1 7]
25 12 13 [5 2 3 4 6 1 0 7]
16 13 3 [5 2 3 4 6 1 7 0]
20 11 9 [0 2 3 4 5 6 1 7]
21 7 14 [3 6 1 4 0 2 5 7]
22 9 13 [3 1 5 4 2 6 0 7]
22 10 12 [3 1 5 4 2 6 7 0]
19 9 10 [3 1 4 0 2 6 5 7]
19 9 10 [3 1 4 0 2 6 5 7]
22 9 13 [3 1 4 0 2 6 5 7]
21 9 12 [3 1 4 0 2 6 5 7]
23 9 14 [3 1 5 4 2 6 0 7]
16 10 6 [3 1 5 4 2 6 7 0]
18 9 9 [3 1 4 0 2 6 5 7]
20 9 11 [3 1 4 0 2 6 5 7]
19 9 10 [3 1 4 0 2 6 5 7]
19 9 10 [3 1 4 0 2 6 5 7]
22 9 13 [3 1 5 4 2 6 0 7]
21 10 11 [3 1 5 4 2 6 7 0]
23 9 14 [3 1 4 0 2 6 5 7]
16 9 7 [3 1 4 0 2 6 5 7]
20 9 11 [3 1 4 0 2 6 5 7]
21 9 12 [3 1 5 4 2 6 0 7]
22 10 12 [3 1 5 4 2 6 7 0]
22 9 13 [3 1 4 0 2 6 5 7]
19 9 10 [3 1 4 0 2 6 5 7]
19 9 10 [3 1 4 0 2 6 5 7]
22 9 13 [3 1 4 0 2 6 5 7]
23 9 14 [3 1 5 4 2 6 0 7]
23 10 13 [3 1 5 4 2 6 7 0]
16 9 7 [3 1 4 0 2 6 5 7]
20 7 13 [4 3 1 7 2 6 5 0]
20 9 11 [2 1 5 4 6 3 0 7]
19 10 9 [2 1 5 4 6 3 7 0]
19 9 10 [2 1 4 0 6 3 5 7]
22 9 13 [2 1 5 4 0 6 3 7]
23 9 14 [2 1 4 0 6 3 5 7]
23 9 14 [2 1 5 4 6 3 0 7]
16 10 6 [2 1 5 4 6 3 7 0]
20 9 11 [2 1 4 0 6 3 5 7]
20 9 11 [3 1 4 0 2 6 5 7]
19 9 10 [3 1 4 0 2 6 5 7]
19 7 12 [0 3 1 4 6 2 5 7]
22 7 15 [6 1 0 4 2 3 5 7]
23 7 16 [6 1 5 4 2 0 3 7]
25 7 18 [6 1 4 7 2 3 5 0]
16 7 9 [6 1 0 4 2 3 5 7]
18 9 9 [3 2 1 4 6 0 5 7]
20 10 10 [3 2 1 4 6 5 0 7]
19 11 8 [3 2 1 4 6 5 7 0]
19 9 10 [3 1 0 4 6 2 5 7]
22 9 13 [3 1 4 7 6 2 5 0]
21 9 12 [3 1 0 4 6 2 5 7]
23 11 12 [2 3 1 4 7 6 5 0]
18 7 11 [3 6 4 0 2 5 1 7]
16 9 7 [3 6 1 4 2 5 0 7]
18 10 8 [3 6 1 4 2 5 7 0]
17 13 4 [6 2 3 4 5 1 0 7]
17 14 3 [6 2 3 4 5 1 7 0]
19 7 12 [2 6 1 4 3 0 5 7]
20 8 12 [2 6 1 4 3 5 0 7]
20 9 11 [2 6 1 4 3 5 7 0]
23 11 12 [2 3 1 4 7 6 5 0]
24 9 15 [3 6 1 4 7 2 5 0]
22 7 15 [4 3 1 7 2 6 5 0]
18 7 11 [2 4 3 1 6 0 5 7]
20 8 12 [2 4 3 1 6 5 0 7]
17 9 8 [2 4 3 1 6 5 7 0]
22 11 11 [1 4 3 0 2 6 5 7]
22 11 11 [2 4 3 0 1 6 5 7]
16 9 7 [6 2 1 4 7 3 5 0]
20 11 9 [2 3 1 4 7 6 5 0]
20 11 9 [2 5 3 4 7 6 1 0]
19 11 8 [6 2 3 4 7 5 1 0]
19 11 8 [2 5 3 4 7 6 1 0]
22 9 13 [3 6 1 4 7 2 5 0]
23 11 12 [2 1 5 4 7 6 3 0]
25 8 17 [0 3 1 4 2 6 5 7]
18 9 9 [2 3 1 4 0 6 5 7]
18 11 7 [2 3 1 4 7 6 5 0]
21 10 11 [2 3 0 4 6 5 1 7]
20 11 9 [2 3 1 4 6 5 0 7]
22 12 10 [2 3 1 4 6 5 7 0]
16 8 8 [7 3 1 0 2 6 5 4]
20 9 11 [7 3 1 4 2 6 5 0]
20 8 12 [7 3 1 4 2 6 0 5]
19 9 10 [7 3 1 4 2 6 5 0]
19 10 9 [2 3 0 4 6 5 1 7]
22 11 11 [2 3 1 4 6 5 0 7]
23 12 11 [2 3 1 4 6 5 7 0]
23 8 15 [3 6 0 4 2 5 1 7]
18 9 9 [3 6 1 4 2 5 0 7]
18 10 8 [3 6 1 4 2 5 7 0]
19 8 11 [3 6 1 4 2 0 5 7]
18 9 9 [3 6 1 4 2 5 0 7]
18 10 8 [3 6 1 4 2 5 7 0]
18 10 8 [2 3 1 0 7 6 5 4]
18 11 7 [2 3 1 4 7 6 5 0]
23 10 13 [2 3 1 4 7 6 0 5]
20 11 9 [2 3 1 4 7 6 5 0]
24 10 14 [2 3 1 4 6 0 5 7]
18 11 7 [2 3 1 4 6 5 0 7]
18 12 6 [2 3 1 4 6 5 7 0]
23 8 15 [4 3 1 0 2 6 5 7]
20 10 10 [2 3 1 0 7 6 5 4]
24 11 13 [2 3 1 4 7 6 5 0]
18 10 8 [2 3 0 4 6 5 1 7]
18 11 7 [2 3 1 4 6 5 0 7]
18 12 6 [2 3 1 4 6 5 7 0]
16 10 6 [2 3 1 4 6 0 5 7]
20 11 9 [2 3 1 4 6 5 0 7]
23 12 11 [2 3 1 4 6 5 7 0]
22 10 12 [6 3 1 0 2 5 7 4]
24 11 13 [6 3 1 4 2 5 7 0]
19 10 9 [6 3 1 4 2 5 0 7]
19 11 8 [6 3 1 4 2 5 7 0]
22 10 12 [6 3 1 0 2 5 7 4]
23 11 12 [6 3 1 4 2 5 7 0]
25 10 15 [2 3 1 4 6 0 5 7]
18 11 7 [2 3 1 4 6 5 0 7]
18 12 6 [2 3 1 4 6 5 7 0]
18 10 8 [0 2 3 4 6 5 1 7]
18 8 10 [3 6 1 4 2 0 5 7]
20 9 11 [3 6 1 4 2 5 0 7]
17 10 7 [3 6 1 4 2 5 7 0]
18 6 12 [4 3 5 0 2 6 7 1]
22 7 15 [4 3 5 1 2 6 7 0]
16 8 8 [4 2 1 0 6 3 5 7]
20 10 10 [2 3 0 4 6 5 1 7]
23 11 12 [2 3 1 4 6 5 0 7]
22 12 10 [2 3 1 4 6 5 7 0]
24 10 14 [2 3 1 4 6 0 5 7]
19 11 8 [2 3 1 4 6 5 0 7]
19 12 7 [2 3 1 4 6 5 7 0]
22 10 12 [6 3 1 0 2 5 7 4]
23 11 12 [6 3 1 4 2 5 7 0]
25 10 15 [2 3 1 4 6 0 5 7]
16 11 5 [2 3 1 4 6 5 0 7]
18 12 6 [2 3 1 4 6 5 7 0]
17 10 7 [2 5 3 4 6 0 1 7]
22 11 11 [2 5 3 4 6 1 0 7]
22 12 10 [2 5 3 4 6 1 7 0]
15 10 5 [2 5 3 4 6 0 1 7]
19 11 8 [2 5 3 4 6 1 0 7]
19 12 7 [2 5 3 4 6 1 7 0]
14 10 4 [4 2 3 0 6 5 1 7]
18 14 4 [5 2 3 0 6 1 7 4]
18 15 3 [5 2 3 4 6 1 7 0]
17 14 3 [5 2 3 4 6 1 0 7]
17 15 2 [5 2 3 4 6 1 7 0]
22 8 14 [3 6 1 4 2 0 5 7]
21 9 12 [3 6 1 4 2 5 0 7]
21 10 11 [3 6 1 4 2 5 7 0]
18 8 10 [0 3 1 4 2 6 5 7]
18 9 9 [2 3 1 4 0 6 5 7]
18 11 7 [2 3 1 4 7 6 5 0]
16 8 8 [6 1 5 0 2 3 7 4]
20 9 11 [6 1 5 4 2 3 7 0]
18 12 6 [3 2 1 0 6 5 7 4]
15 13 2 [3 2 1 4 6 5 7 0]
19 12 7 [3 2 1 4 6 5 0 7]
19 13 6 [3 2 1 4 6 5 7 0]
18 10 8 [3 1 5 0 6 2 7 4]
18 11 7 [3 1 5 4 6 2 7 0]
21 10 11 [2 3 1 4 6 0 5 7]
22 11 11 [2 3 1 4 6 5 0 7]
24 12 12 [2 3 1 4 6 5 7 0]
20 6 14 [7 3 5 1 2 6 0 4]
20 6 14 [7 0 3 1 2 6 5 4]
23 8 15 [2 3 5 1 7 6 0 4]
24 8 16 [2 0 3 1 7 6 5 4]
22 6 16 [3 5 6 4 2 0 1 7]
18 7 11 [3 5 6 4 2 1 0 7]
20 8 12 [3 5 6 4 2 1 7 0]
17 6 11 [0 3 6 4 2 5 1 7]
20 7 13 [2 3 6 4 0 5 1 7]
22 8 14 [2 3 6 4 5 0 1 7]
16 9 7 [2 3 6 4 5 1 0 7]
18 10 8 [2 3 6 4 5 1 7 0]
20 10 10 [2 3 0 4 5 1 6 7]
19 9 10 [2 3 6 4 7 5 1 0]
19 11 8 [2 3 6 0 5 1 7 4]
22 12 10 [2 3 6 4 5 1 7 0]
21 11 10 [2 3 6 4 5 1 0 7]
23 12 11 [2 3 6 4 5 1 7 0]
18 11 7 [2 3 4 0 5 1 6 7]
18 11 7 [2 0 3 4 5 1 6 7]
21 12 9 [2 1 3 4 5 0 6 7]
22 13 9 [2 1 3 4 5 6 0 7]
22 14 8 [2 1 3 4 5 6 7 0]
18 15 3 [2 1 3 0 5 6 7 4]
18 16 2 [2 1 3 4 5 6 7 0]
21 8 13 [6 3 1 4 0 2 5 7]
22 10 12 [6 3 1 4 2 5 0 7]
22 11 11 [6 3 1 4 2 5 7 0]
18 10 8 [3 1 0 4 2 6 5 7]
18 10 8 [3 1 0 4 2 6 5 7]
21 10 11 [3 1 0 4 2 6 5 7]
22 8 14 [4 3 1 7 6 2 5 0]
22 10 12 [6 3 0 4 5 2 1 7]
18 11 7 [6 3 1 4 5 2 0 7]
18 12 6 [6 3 1 4 5 2 7 0]
21 10 11 [0 6 3 4 5 2 1 7]
22 12 10 [5 2 4 0 6 1 3 7]
22 14 8 [5 2 3 4 6 1 0 7]
16 15 1 [5 2 3 4 6 1 7 0]
18 10 8 [3 1 0 4 2 6 5 7]
20 8 12 [7 6 1 4 2 3 5 0]
19 10 9 [2 3 4 7 6 5 1 0]
19 10 9 [2 3 0 4 6 5 1 7]
22 11 11 [2 3 1 4 6 5 0 7]
21 12 9 [2 3 1 4 6 5 7 0]
23 10 13 [2 5 3 4 6 0 1 7]
18 11 7 [2 5 3 4 6 1 0 7]
18 12 6 [2 5 3 4 6 1 7 0]
21 8 13 [4 3 1 0 2 6 5 7]
22 10 12 [2 3 4 7 6 5 1 0]
22 10 12 [2 3 0 4 6 5 1 7]
18 11 7 [2 3 1 4 6 5 0 7]
18 12 6 [2 3 1 4 6 5 7 0]
21 10 11 [2 5 4 7 6 1 3 0]
22 10 12 [4 2 3 0 6 5 1 7]
22 6 16 [4 0 3 1 2 6 5 7]
18 6 12 [4 6 3 1 0 2 5 7]
18 9 9 [4 6 3 0 1 2 5 7]
21 8 13 [4 6 3 0 2 5 7 1]
22 9 13 [4 6 3 1 2 5 7 0]
22 6 16 [4 3 5 1 2 6 0 7]
18 7 11 [4 3 5 1 2 6 7 0]
20 6 14 [4 0 3 1 2 6 5 7]
23 6 17 [4 0 3 1 2 6 5 7]
24 8 16 [7 4 3 1 2 6 5 0]
22 10 12 [1 4 0 3 2 6 5 7]
18 11 7 [1 4 3 0 2 6 5 7]
20 8 12 [6 2 1 4 3 0 5 7]
17 9 8 [6 2 1 4 3 5 0 7]
22 10 12 [6 2 1 4 3 5 7 0]
22 10 12 [3 2 1 4 0 6 5 7]
16 12 4 [3 2 1 4 6 5 0 7]
18 13 5 [3 2 1 4 6 5 7 0]
18 10 8 [2 3 4 7 6 5 1 0]
19 10 9 [2 5 3 4 6 0 1 7]
19 11 8 [2 5 3 4 6 1 0 7]
22 12 10 [2 5 3 4 6 1 7 0]
21 10 11 [2 3 0 4 6 5 1 7]
25 11 14 [2 3 1 4 6 5 0 7]
18 12 6 [2 3 1 4 6 5 7 0]
18 8 10 [6 3 4 0 2 5 1 7]
23 10 13 [3 1 0 4 2 6 5 7]
22 10 12 [3 1 4 7 2 6 5 0]
24 10 14 [3 1 0 4 2 6 5 7]
18 10 8 [3 1 4 7 2 6 5 0]
18 10 8 [3 1 0 4 2 6 5 7]
21 8 13 [3 6 4 7 2 5 1 0]
22 8 14 [3 6 0 4 2 5 1 7]
22 9 13 [3 6 1 4 2 5 0 7]
20 10 10 [3 6 1 4 2 5 7 0]
20 8 12 [6 3 1 4 0 2 5 7]
21 10 11 [2 3 1 4 6 0 5 7]
24 11 13 [2 3 1 4 6 5 0 7]
26 12 14 [2 3 1 4 6 5 7 0]
20 10 10 [2 3 4 7 6 5 1 0]
20 10 10 [2 3 4 7 6 5 1 0]
21 10 11 [2 3 0 4 6 5 1 7]
24 11 13 [2 3 1 4 6 5 0 7]
26 12 14 [2 3 1 4 6 5 7 0]
20 10 10 [0 2 3 4 6 5 1 7]
20 10 10 [2 5 3 4 6 0 1 7]
21 11 10 [2 5 3 4 6 1 0 7]
24 12 12 [2 5 3 4 6 1 7 0]
24 12 12 [2 0 3 4 5 6 1 7]
16 10 6 [0 2 3 4 6 5 1 7]
20 12 8 [6 2 0 4 5 1 3 7]
23 13 10 [6 2 3 4 5 1 0 7]
22 14 8 [6 2 3 4 5 1 7 0]
26 10 16 [0 2 3 4 6 5 1 7]
19 12 7 [5 2 3 4 0 6 1 7]
19 10 9 [2 5 3 4 6 0 1 7]
24 11 13 [2 5 3 4 6 1 0 7]
23 12 11 [2 5 3 4 6 1 7 0]
23 10 13 [2 3 0 4 6 5 1 7]
20 11 9 [2 3 1 4 6 5 0 7]
20 12 8 [2 3 1 4 6 5 7 0]
21 10 11 [0 2 3 4 6 5 1 7]
24 12 12 [2 0 3 4 5 6 1 7]
24 12 12 [2 0 3 4 5 6 1 7]
20 14 6 [2 6 3 0 5 1 7 4]
20 15 5 [2 6 3 4 5 1 7 0]
21 12 9 [2 3 4 0 5 6 1 7]
24 12 12 [2 0 3 4 5 6 1 7]
26 14 12 [2 3 1 0 5 6 7 4]
17 15 2 [2 3 1 4 5 6 7 0]
17 12 5 [5 2 3 4 0 6 1 7]
19 12 7 [2 0 3 4 5 6 1 7]
16 14 2 [7 2 3 4 5 6 1 0]
20 12 8 [6 2 4 7 5 1 3 0]
18 10 8 [2 3 4 7 6 5 1 0]
15 10 5 [2 5 3 4 6 0 1 7]
19 11 8 [2 5 3 4 6 1 0 7]
19 12 7 [2 5 3 4 6 1 7 0]
18 10 8 [2 3 0 4 6 5 1 7]
18 11 7 [2 3 1 4 6 5 0 7]
21 12 9 [2 3 1 4 6 5 7 0]
22 10 12 [0 2 3 4 6 5 1 7]
22 10 12 [0 2 3 4 6 5 1 7]
18 12 6 [5 2 3 4 0 6 1 7]
18 12 6 [5 2 3 4 0 6 1 7]
20 12 8 [2 0 3 4 5 6 1 7]
17 14 3 [7 2 3 4 5 6 1 0]
19 10 9 [3 1 0 4 2 6 5 7]
19 10 9 [3 1 4 7 2 6 5 0]
16 10 6 [3 1 0 4 2 6 5 7]
20 10 10 [3 1 4 7 2 6 5 0]
20 10 10 [3 1 0 4 2 6 5 7]
19 10 9 [3 1 4 7 2 6 5 0]
19 10 9 [3 1 0 4 2 6 5 7]
22 10 12 [3 1 4 7 2 6 5 0]
23 10 13 [3 1 0 4 2 6 5 7]
25 10 15 [3 1 0 4 2 6 5 7]
17 10 7 [3 1 4 7 2 6 5 0]
19 10 9 [3 1 0 4 2 6 5 7]
20 10 10 [3 1 4 7 2 6 5 0]
21 10 11 [3 1 0 4 2 6 5 7]
19 10 9 [3 1 4 7 2 6 5 0]
18 10 8 [3 1 0 4 2 6 5 7]
20 10 10 [3 1 4 7 2 6 5 0]
17 10 7 [3 1 0 4 2 6 5 7]
22 10 12 [3 1 0 4 2 6 5 7]
22 10 12 [3 1 4 7 2 6 5 0]
20 10 10 [3 1 0 4 2 6 5 7]
20 10 10 [3 1 4 7 2 6 5 0]
21 10 11 [3 1 0 4 2 6 5 7]
24 10 14 [3 1 4 7 2 6 5 0]
26 10 16 [3 1 0 4 2 6 5 7]
17 10 7 [3 1 0 4 2 6 5 7]
21 10 11 [3 1 4 7 2 6 5 0]
21 10 11 [3 1 0 4 2 6 5 7]
20 10 10 [3 1 4 7 2 6 5 0]
20 10 10 [3 1 0 4 2 6 5 7]
23 10 13 [3 1 4 7 2 6 5 0]
24 10 14 [3 1 0 4 2 6 5 7]
22 10 12 [3 1 4 7 2 6 5 0]
17 10 7 [3 1 0 4 2 6 5 7]
21 10 11 [3 1 0 4 2 6 5 7]
21 10 11 [3 1 4 7 2 6 5 0]
20 10 10 [3 1 0 4 2 6 5 7]
20 10 10 [2 1 0 4 6 3 5 7]
21 10 11 [2 1 5 4 6 0 3 7]
24 10 14 [2 1 4 7 6 3 5 0]
26 10 16 [2 1 0 4 6 3 5 7]
19 10 9 [2 1 5 4 6 0 3 7]
21 10 11 [2 1 4 7 6 3 5 0]
20 10 10 [2 1 0 4 6 3 5 7]
23 10 13 [2 1 0 4 6 3 5 7]
23 10 13 [2 1 5 4 6 0 3 7]
17 10 7 [2 1 4 7 6 3 5 0]
19 10 9 [2 1 0 4 6 3 5 7]
19 10 9 [3 1 4 7 2 6 5 0]
16 10 6 [3 1 0 4 2 6 5 7]
20 10 10 [3 1 4 7 2 6 5 0]
20 10 10 [3 1 0 4 2 6 5 7]
19 8 11 [6 3 1 4 0 2 5 7]
19 10 9 [7 3 1 4 6 2 5 0]
22 8 14 [6 1 5 4 2 3 0 7]
23 9 14 [6 1 5 4 2 3 7 0]
25 8 17 [6 1 4 0 2 3 5 7]
17 8 9 [6 1 5 4 0 2 3 7]
21 8 13 [6 1 4 0 2 3 5 7]
19 8 11 [6 1 5 4 2 3 0 7]
16 9 7 [6 1 5 4 2 3 7 0]
20 8 12 [6 1 4 0 2 3 5 7]
20 10 10 [3 2 1 4 0 6 5 7]
19 10 9 [3 1 5 4 6 2 0 7]
19 11 8 [3 1 5 4 6 2 7 0]
22 10 12 [3 1 4 0 6 2 5 7]
23 10 13 [3 1 4 0 6 2 5 7]
25 10 15 [3 1 4 0 6 2 5 7]
17 8 9 [3 6 4 7 2 5 1 0]
21 8 13 [2 6 1 4 0 3 5 7]
24 10 14 [2 6 1 0 3 5 7 4]
23 11 12 [2 6 1 4 3 5 7 0]
23 8 15 [4 3 1 0 2 6 5 7]
20 10 10 [2 4 3 0 6 5 7 1]
20 11 9 [2 4 3 1 6 5 7 0]
23 12 11 [1 4 3 7 2 6 5 0]
24 12 12 [2 4 3 7 1 6 5 0]
24 8 16 [3 5 0 4 2 1 6 7]
17 12 5 [2 3 0 4 5 1 6 7]
21 12 9 [2 3 4 7 5 1 6 0]
21 12 9 [2 3 0 4 5 1 6 7]
20 12 8 [2 3 0 4 5 1 6 7]
20 12 8 [0 2 3 4 5 1 6 7]
23 15 8 [1 2 3 4 5 0 6 7]
24 16 8 [1 2 3 4 5 6 0 7]
24 17 7 [1 2 3 4 5 6 7 0]
