13 0 13 4 5 6 7 0 2 3 1 
12 1 11 4 5 6 7 2 0 3 1 
11 2 9 4 5 6 7 2 3 0 1 
11 3 8 4 5 6 7 2 3 1 0 
12 3 9 4 5 0 7 2 3 6 1 
13 4 9 4 5 7 0 2 3 6 1 
13 4 9 4 0 5 7 2 3 6 1 
12 5 7 4 3 5 7 2 0 6 1 
13 5 8 4 5 7 1 2 3 6 0 
13 5 8 0 4 5 7 2 3 6 1 
10 8 2 1 4 5 7 2 3 6 0 
13 6 7 4 3 5 7 2 6 0 1 
13 9 4 1 4 5 0 2 3 6 7 
13 9 4 1 4 5 7 2 3 0 6 
13 7 6 4 3 5 7 2 6 1 0 
14 4 10 4 5 6 0 2 3 1 7 
15 2 13 4 0 6 7 2 5 3 1 
15 6 9 4 3 5 7 0 2 6 1 
12 8 4 4 3 5 7 1 2 6 0 
15 6 9 2 4 5 7 0 3 6 1 
12 8 4 2 4 5 7 1 3 6 0 
15 8 7 3 4 5 7 2 0 6 1 
15 3 12 0 4 6 7 2 5 3 1 
12 6 6 1 4 6 7 2 5 3 0 
15 7 8 0 3 5 7 4 2 6 1 
12 10 2 1 3 5 7 4 2 6 0 
15 9 6 4 3 5 0 1 2 6 7 
15 9 6 4 3 5 7 1 2 0 6 
15 9 6 2 4 5 0 1 3 6 7 
15 9 6 2 4 5 7 1 3 0 6 
15 7 8 1 4 6 0 2 5 3 7 
15 7 8 1 4 6 7 2 5 0 3 
15 11 4 1 3 5 0 4 2 6 7 
15 11 4 1 3 5 7 4 2 0 6 
16 6 10 4 5 0 7 2 3 1 6 
15 7 8 4 5 1 7 2 3 0 6 
14 8 6 4 5 1 7 2 3 6 0 
16 6 10 4 5 7 1 2 3 0 6 
16 7 9 7 4 5 0 2 3 6 1 
16 7 9 4 3 0 7 2 6 5 1 
16 10 6 1 4 0 5 2 3 6 7 
16 10 6 1 4 0 7 2 3 5 6 
16 10 6 1 4 5 7 2 0 3 6 
16 8 8 4 3 5 0 2 6 1 7 
16 3 13 4 6 0 7 2 5 3 1 
15 4 11 4 6 3 7 2 5 0 1 
15 5 10 4 6 3 7 2 5 1 0 
16 7 9 2 4 5 7 3 0 6 1 
16 9 7 3 4 5 7 2 6 0 1 
16 9 7 3 0 5 7 2 4 6 1 
16 8 8 1 4 0 7 2 5 6 3 
16 8 8 1 4 6 7 2 0 5 3 
16 8 8 7 4 5 1 2 3 6 0 
16 5 11 4 6 3 7 2 0 5 1 
16 10 6 3 4 5 7 2 6 1 0 
16 10 6 0 3 5 7 2 4 6 1 
13 13 0 1 3 5 7 2 4 6 0 
16 14 2 1 3 5 0 2 4 6 7 
16 14 2 1 3 5 7 2 4 0 6 
17 6 11 0 5 6 7 2 3 1 4 
17 11 6 1 4 0 7 2 3 6 5 
17 5 12 4 5 0 6 2 3 1 7 
16 6 10 4 5 1 6 2 3 0 7 
17 7 10 4 5 6 1 2 3 0 7 
17 4 13 2 4 6 7 0 5 3 1 
14 6 8 2 4 6 7 1 5 3 0 
17 6 11 5 4 6 7 2 0 3 1 
16 7 9 5 4 6 7 2 3 0 1 
16 8 8 5 4 6 7 2 3 1 0 
17 9 8 1 4 0 7 2 5 3 6 
16 10 6 1 4 3 7 2 5 0 6 
15 11 4 1 4 3 7 2 5 6 0 
17 8 9 3 0 5 7 4 2 6 1 
17 10 7 2 3 5 7 4 0 6 1 
17 7 10 4 5 7 0 2 3 1 6 
17 7 10 4 0 5 7 2 3 1 6 
16 8 8 4 3 5 7 2 0 1 6 
15 9 6 4 3 5 7 2 1 0 6 
14 10 4 4 3 5 7 2 1 6 0 
17 9 8 4 5 1 0 2 3 6 7 
17 8 9 4 3 7 0 2 6 5 1 
17 11 6 1 4 6 5 2 3 0 7 
17 11 6 1 4 7 0 2 3 5 6 
17 11 6 1 0 5 7 2 4 3 6 
17 4 13 4 6 7 0 2 5 3 1 
17 8 9 2 4 5 7 3 6 0 1 
17 8 9 2 0 5 7 3 4 6 1 
17 10 7 3 5 0 7 2 4 6 1 
17 9 8 1 4 7 0 2 5 6 3 
16 10 6 1 4 7 3 2 5 6 0 
17 9 8 1 0 6 7 2 4 5 3 
17 6 11 4 0 3 7 2 6 5 1 
17 7 10 4 5 1 6 2 3 7 0 
17 7 10 2 4 6 0 1 5 3 7 
17 7 10 2 4 6 7 1 5 0 3 
17 8 9 5 4 0 7 2 3 6 1 
17 11 6 1 4 3 7 2 0 5 6 
17 8 9 0 4 5 7 2 3 1 6 
17 11 6 4 3 5 0 2 1 6 7 
17 9 8 4 3 7 1 2 6 5 0 
17 5 12 4 6 7 1 2 5 3 0 
17 9 8 2 4 5 7 3 6 1 0 
17 7 10 0 4 3 7 2 6 5 1 
14 10 4 1 4 3 7 2 6 5 0 
17 11 6 1 4 3 0 2 6 5 7 
17 11 6 1 4 3 7 2 6 0 5 
18 6 12 0 5 7 4 2 3 6 1 
15 9 6 1 5 7 4 2 3 6 0 
16 10 6 1 5 7 0 2 3 6 4 
17 11 6 1 5 0 7 2 3 6 4 
18 7 11 4 5 7 6 2 3 0 1 
18 10 8 1 4 5 7 0 3 6 2 
18 12 6 1 4 5 6 2 3 0 7 
18 11 7 0 3 5 7 1 2 6 4 
18 9 9 3 4 5 7 0 2 6 1 
15 11 4 3 4 5 7 1 2 6 0 
18 5 13 7 4 6 0 2 5 3 1 
18 9 9 7 3 5 0 4 2 6 1 
18 12 6 1 3 5 7 0 2 6 4 
17 13 4 1 3 5 7 2 0 6 4 
18 10 8 4 3 0 5 1 2 6 7 
18 10 8 4 3 0 7 1 2 5 6 
18 10 8 4 3 5 7 1 0 2 6 
18 10 8 2 4 0 5 1 3 6 7 
18 10 8 2 4 0 7 1 3 5 6 
18 10 8 2 4 5 7 1 0 3 6 
18 8 10 1 4 0 6 2 5 3 7 
17 9 8 1 4 3 6 2 5 0 7 
18 10 8 1 4 6 3 2 5 0 7 
18 12 6 1 3 0 5 4 2 6 7 
18 12 6 1 3 0 7 4 2 5 6 
18 12 6 1 3 5 7 4 0 2 6 
18 8 10 4 5 1 7 2 0 3 6 
18 6 12 4 6 3 0 2 5 1 7 
18 11 7 2 3 5 7 0 4 6 1 
15 13 2 2 3 5 7 1 4 6 0 
18 12 6 1 4 6 7 2 3 0 5 
17 13 4 1 4 6 7 2 3 5 0 
18 12 6 1 4 7 0 2 3 6 5 
17 13 4 1 4 7 5 2 3 6 0 
18 6 12 4 0 5 6 2 3 1 7 
17 7 10 4 3 5 6 2 0 1 7 
16 8 8 4 3 5 6 2 1 0 7 
17 9 8 4 3 5 6 2 1 7 0 
18 8 10 4 5 6 1 2 3 7 0 
18 8 10 4 5 0 1 2 3 6 7 
18 5 13 2 4 6 7 5 0 3 1 
17 6 11 2 4 6 7 5 3 0 1 
17 7 10 2 4 6 7 5 3 1 0 
18 7 11 5 0 6 7 2 4 3 1 
18 10 8 1 4 7 0 2 5 3 6 
18 12 6 1 4 3 0 2 5 6 7 
18 9 9 3 2 5 7 4 0 6 1 
18 9 9 3 5 0 7 4 2 6 1 
18 11 7 2 3 5 7 4 6 0 1 
18 8 10 4 5 7 6 2 3 1 0 
18 10 8 4 3 0 7 2 1 5 6 
18 12 6 1 4 6 5 2 3 7 0 
18 12 6 1 4 7 6 2 3 5 0 
18 12 6 1 5 0 7 2 4 3 6 
17 13 4 1 5 3 7 2 4 0 6 
16 14 2 1 5 3 7 2 4 6 0 
18 6 12 0 6 7 4 2 5 3 1 
15 9 6 1 6 7 4 2 5 3 0 
18 9 9 2 5 0 7 3 4 6 1 
18 11 7 3 5 6 7 2 4 0 1 
18 11 7 3 5 7 0 2 4 6 1 
18 10 8 1 6 0 7 2 4 5 3 
17 11 6 1 6 5 7 2 4 0 3 
16 12 4 1 6 5 7 2 4 3 0 
18 8 10 4 5 1 0 2 3 7 6 
18 8 10 2 4 0 7 1 5 6 3 
18 8 10 2 4 6 7 1 0 5 3 
18 9 9 5 4 7 0 2 3 6 1 
18 12 6 1 0 3 7 2 4 5 6 
17 13 4 1 3 0 7 2 4 5 6 
18 12 6 1 4 3 7 2 0 6 5 
18 10 8 1 5 7 4 2 3 0 6 
18 12 6 1 5 6 7 2 3 0 4 
17 13 4 1 5 6 7 2 3 4 0 
18 8 10 4 5 7 6 2 3 1 0 
18 12 6 3 4 5 0 1 2 6 7 
18 12 6 3 4 5 7 1 2 0 6 
18 6 12 7 4 6 1 2 5 3 0 
18 10 8 7 3 5 1 4 2 6 0 
18 14 4 1 3 5 7 2 6 0 4 
17 15 2 1 3 5 7 2 6 4 0 
18 10 8 1 4 3 6 2 5 7 0 
18 10 8 1 4 3 6 2 0 5 7 
18 14 4 2 3 5 0 1 4 6 7 
18 14 4 2 3 5 7 1 4 0 6 
18 7 11 0 4 5 6 2 3 1 7 
18 10 8 4 3 5 0 2 1 7 6 
18 7 11 2 4 0 7 5 3 6 1 
18 8 10 0 5 6 7 2 4 3 1 
15 11 4 1 5 6 7 2 4 3 0 
18 12 6 2 3 5 7 4 6 1 0 
18 7 11 2 6 7 4 0 5 3 1 
15 9 6 2 6 7 4 1 5 3 0 
17 8 9 2 6 7 4 5 0 3 1 
18 10 8 1 6 7 0 2 5 3 4 
18 10 8 1 6 7 4 2 5 0 3 
18 12 6 3 5 6 7 2 4 1 0 
18 12 6 3 5 7 1 2 4 6 0 
18 10 8 5 4 7 1 2 3 6 0 
18 14 4 1 3 7 0 2 4 5 6 
18 12 6 1 5 6 0 2 4 3 7 
18 12 6 1 5 6 7 2 4 0 3 
18 10 8 2 6 7 0 1 5 3 4 
18 10 8 2 6 7 4 1 5 0 3 
18 9 9 2 6 7 4 5 3 0 1 
18 9 9 2 0 7 4 5 6 3 1 
18 10 8 2 6 7 4 5 3 1 0 
18 10 8 0 2 7 4 5 6 3 1 
15 13 2 1 2 7 4 5 6 3 0 
18 14 4 1 2 7 0 5 6 3 4 
18 14 4 1 2 7 4 5 6 0 3 
19 5 14 4 5 6 7 0 3 1 2 
19 10 9 0 3 5 7 2 6 1 4 
19 6 13 0 5 6 4 2 3 1 7 
19 9 10 4 3 5 0 7 2 6 1 
19 11 8 4 3 0 7 1 2 6 5 
19 9 10 2 4 5 0 7 3 6 1 
19 11 8 2 4 0 7 1 3 6 5 
19 13 6 1 3 0 7 4 2 6 5 
19 7 12 4 5 7 1 2 0 3 6 
19 8 11 7 4 0 5 2 3 6 1 
19 8 11 4 0 3 7 2 6 5 1 
19 11 8 1 0 4 5 2 3 6 7 
18 12 6 1 3 4 5 2 0 6 7 
19 11 8 1 0 4 7 2 3 5 6 
18 12 6 1 3 4 7 2 0 5 6 
19 11 8 1 4 5 7 0 2 3 6 
19 9 10 4 3 0 5 2 6 1 7 
18 10 8 4 3 1 5 2 6 0 7 
19 11 8 4 3 5 1 2 6 0 7 
19 10 9 3 4 0 7 2 6 5 1 
19 9 10 1 0 4 7 2 5 6 3 
18 10 8 1 5 4 7 2 0 6 3 
19 9 10 1 4 6 7 0 2 5 3 
17 11 6 1 4 6 7 3 2 5 0 
19 9 10 7 4 5 1 2 3 0 6 
19 6 13 4 6 3 7 0 2 5 1 
16 8 8 4 6 3 7 1 2 5 0 
19 11 8 3 4 5 0 2 6 1 7 
19 12 7 7 3 5 0 2 4 6 1 
19 15 4 1 3 0 5 2 4 6 7 
19 15 4 1 3 0 7 2 4 5 6 
19 15 4 1 3 5 7 2 0 4 6 
19 7 12 2 5 6 7 0 3 1 4 
17 9 8 2 5 6 7 4 3 1 0 
19 7 12 5 0 6 7 2 3 1 4 
18 8 10 5 3 6 7 2 0 1 4 
17 9 8 5 3 6 7 2 1 0 4 
16 10 6 5 3 6 7 2 1 4 0 
18 10 8 5 3 0 7 2 1 6 4 
19 9 10 3 5 6 7 2 0 1 4 
18 10 8 3 5 6 7 2 1 0 4 
17 11 6 3 5 6 7 2 1 4 0 
19 7 12 4 5 1 6 2 0 3 7 
19 9 10 2 4 0 7 1 5 3 6 
18 10 8 2 4 3 7 1 5 0 6 
17 11 6 2 4 3 7 1 5 6 0 
19 9 10 5 4 6 0 2 3 1 7 
19 9 10 4 3 5 7 0 2 1 6 
19 12 7 0 1 5 7 2 4 3 6 
19 9 10 0 2 5 7 3 4 6 1 
16 12 4 1 2 5 7 3 4 6 0 
19 10 9 0 1 6 7 2 4 5 3 
17 13 4 3 1 6 7 2 4 5 0 
19 9 10 2 4 5 7 0 3 1 6 
19 11 8 3 4 5 7 2 0 1 6 
18 12 6 3 4 5 7 2 1 0 6 
17 13 4 3 4 5 7 2 1 6 0 
19 11 8 6 4 5 7 2 3 1 0 
19 8 11 2 4 3 7 0 6 5 1 
16 10 6 2 4 3 7 1 6 5 0 
19 11 8 1 4 5 7 3 0 6 2 
19 13 6 1 4 5 6 2 3 7 0 
19 11 8 4 3 6 5 1 2 0 7 
19 11 8 4 3 7 0 1 2 5 6 
19 11 8 2 4 6 5 1 3 0 7 
19 11 8 2 4 7 0 1 3 5 6 
19 11 8 2 0 5 7 1 4 3 6 
19 11 8 1 4 6 3 2 5 7 0 
19 11 8 1 4 6 3 2 0 5 7 
19 13 6 1 3 6 5 4 2 0 7 
19 13 6 1 3 7 0 4 2 5 6 
19 13 6 1 3 5 7 0 4 2 6 
19 8 11 0 6 3 4 2 5 1 7 
19 9 10 4 3 0 6 2 1 5 7 
18 10 8 4 3 6 0 2 1 5 7 
17 11 6 4 3 6 7 2 1 5 0 
19 9 10 4 0 5 1 2 3 6 7 
18 10 8 4 3 5 1 2 0 6 7 
19 6 13 2 0 6 7 5 4 3 1 
19 8 11 5 6 0 7 2 4 3 1 
18 9 9 5 6 3 7 2 4 0 1 
18 10 8 5 6 3 7 2 4 1 0 
19 11 8 1 4 7 6 2 5 3 0 
19 10 9 3 2 5 7 4 6 0 1 
19 10 9 3 2 5 7 0 4 6 1 
16 12 4 3 2 5 7 1 4 6 0 
19 10 9 3 5 6 7 4 2 0 1 
19 10 9 3 5 7 0 4 2 6 1 
19 11 8 4 3 7 0 2 1 5 6 
19 13 6 1 5 7 0 2 4 3 6 
19 15 4 1 5 3 0 2 4 6 7 
19 10 9 2 5 6 7 3 4 0 1 
19 10 9 2 5 7 0 3 4 6 1 
19 11 8 1 6 7 0 2 4 5 3 
18 12 6 1 6 7 3 2 4 5 0 
19 13 6 1 6 5 0 2 4 3 7 
19 9 10 2 4 7 0 1 5 6 3 
18 10 8 2 4 7 3 1 5 6 0 
19 9 10 2 0 6 7 1 4 5 3 
19 13 6 1 0 3 7 2 4 6 5 
18 14 4 1 3 0 7 2 4 6 5 
19 11 8 1 4 3 0 2 5 7 6 
19 11 8 1 0 3 6 2 4 5 7 
18 12 6 1 3 0 6 2 4 5 7 
17 13 4 1 3 5 6 2 4 0 7 
17 13 4 1 3 6 0 2 4 5 7 
16 14 2 1 3 6 7 2 4 5 0 
18 14 4 1 3 5 6 2 4 7 0 
19 8 11 2 4 7 0 5 3 6 1 
19 11 8 1 6 0 4 2 5 7 3 
19 15 4 1 3 7 6 2 4 5 0 
19 13 6 1 5 0 7 2 4 6 3 
19 11 8 2 6 0 4 1 5 7 3 
19 10 9 2 6 0 4 5 3 7 1 
19 10 9 2 7 0 4 5 6 3 1 
18 11 7 2 7 3 4 5 6 0 1 
18 12 6 2 7 3 4 5 6 1 0 
19 15 4 1 2 0 4 5 6 7 3 
19 10 9 4 3 5 1 7 2 6 0 
19 10 9 2 4 5 1 7 3 6 0 
19 13 6 1 3 4 5 2 6 0 7 
19 13 6 1 3 4 7 2 5 0 6 
18 14 4 1 3 4 7 2 5 6 0 
19 13 6 1 4 5 7 6 2 3 0 
19 11 8 4 3 1 5 2 6 7 0 
19 11 8 4 3 1 5 2 0 6 7 
19 11 8 1 5 4 7 2 6 0 3 
18 12 6 1 5 4 7 2 6 3 0 
19 7 12 0 6 3 7 4 2 5 1 
16 10 6 1 6 3 7 4 2 5 0 
19 9 10 4 6 3 0 1 2 5 7 
19 9 10 4 6 3 7 1 2 0 5 
19 13 6 7 3 5 1 2 4 6 0 
19 10 9 2 5 6 7 4 3 0 1 
19 11 8 5 3 6 0 2 1 4 7 
19 11 8 5 3 7 0 2 1 6 4 
19 11 8 3 5 0 7 2 1 6 4 
19 11 8 2 4 3 7 1 0 5 6 
19 10 9 0 3 5 7 4 2 1 6 
19 11 8 4 3 5 7 6 2 1 0 
19 13 6 1 2 5 0 3 4 6 7 
19 13 6 1 2 5 7 3 4 0 6 
19 11 8 2 4 5 7 6 3 1 0 
19 11 8 2 4 3 0 1 6 5 7 
19 11 8 2 4 3 7 1 6 0 5 
19 15 4 1 3 5 7 6 4 2 0 
19 9 10 2 6 3 4 0 5 1 7 
18 10 8 2 6 3 4 5 0 1 7 
17 11 6 2 6 3 4 5 1 0 7 
16 12 4 2 6 3 4 5 1 7 0 
19 10 9 0 4 5 1 2 3 6 7 
19 11 8 3 2 5 7 4 6 1 0 
19 13 6 3 2 5 0 1 4 6 7 
19 13 6 3 2 5 7 1 4 0 6 
19 11 8 3 5 6 7 4 2 1 0 
19 11 8 3 5 7 1 4 2 6 0 
19 11 8 2 5 6 7 3 4 1 0 
19 11 8 2 5 7 1 3 4 6 0 
19 15 4 1 3 6 7 2 4 0 5 
19 15 4 1 3 7 0 2 4 6 5 
18 16 2 1 3 7 5 2 4 6 0 
19 15 4 1 3 6 7 2 4 0 5 
19 15 4 1 3 5 0 2 4 7 6 
19 9 10 2 4 7 1 5 3 6 0 
19 11 8 1 6 3 0 4 2 5 7 
19 11 8 1 6 3 7 4 2 0 5 
19 11 8 2 6 3 4 7 5 1 0 
19 11 8 2 0 3 4 5 6 1 7 
19 13 6 2 6 3 0 5 1 7 4 
19 12 7 0 2 3 4 5 6 1 7 
20 11 9 0 4 5 1 2 3 6 7 
20 10 10 4 3 0 7 2 6 1 5 
19 11 8 4 3 1 7 2 6 0 5 
18 12 6 4 3 1 7 2 6 5 0 
20 9 11 4 0 5 7 3 2 6 1 
20 11 9 0 4 5 7 1 3 6 2 
20 8 12 1 4 6 7 0 5 3 2 
20 11 9 0 3 5 4 1 2 6 7 
20 12 8 4 3 5 6 1 2 0 7 
20 12 8 2 4 5 6 1 3 0 7 
20 14 6 1 3 5 6 4 2 0 7 
20 11 9 0 5 1 7 2 3 6 4 
20 11 9 0 4 5 1 2 3 6 7 
20 16 4 1 3 0 7 2 4 6 5 
20 8 12 7 5 6 0 2 3 1 4 
20 12 8 1 0 4 7 2 3 6 5 
19 13 6 1 3 4 7 2 0 6 5 
20 8 12 4 5 6 1 2 0 3 7 
20 7 13 2 0 6 7 4 5 3 1 
19 8 11 2 5 6 7 4 0 3 1 
18 9 9 2 5 6 7 4 3 0 1 
19 10 9 2 5 0 7 4 3 6 1 
20 7 13 2 4 6 0 7 5 3 1 
20 7 13 5 4 6 7 0 2 3 1 
17 9 8 5 4 6 7 1 2 3 0 
20 10 10 1 0 4 7 2 5 3 6 
19 11 8 1 5 4 7 2 0 3 6 
18 12 6 1 5 4 7 2 3 0 6 
17 13 4 1 5 4 7 2 3 6 0 
19 13 6 1 5 0 7 2 3 4 6 
20 11 9 2 0 5 7 4 3 6 1 
20 13 7 0 3 5 7 2 1 6 4 
20 10 10 4 5 0 1 2 3 6 7 
20 11 9 4 3 7 5 2 6 0 1 
20 12 8 1 4 6 5 2 0 3 7 
20 14 6 1 4 7 5 2 3 0 6 
20 7 13 4 6 7 3 2 5 0 1 
20 9 11 2 4 0 7 3 6 5 1 
20 8 12 2 4 0 6 1 5 3 7 
19 9 10 2 4 3 6 1 5 0 7 
18 10 8 2 4 3 6 1 5 7 0 
19 11 8 2 4 3 0 1 5 7 6 
20 10 10 2 4 6 3 1 5 0 7 
19 11 8 2 4 6 3 1 5 7 0 
20 9 11 5 0 4 7 2 3 6 1 
19 10 9 5 3 4 7 2 0 6 1 
20 12 8 1 4 3 7 0 2 5 6 
20 10 10 7 4 5 0 2 3 1 6 
20 12 8 4 3 0 5 2 1 6 7 
20 10 10 4 3 7 1 2 6 0 5 
20 6 14 4 6 7 1 2 5 0 3 
20 10 10 2 4 5 0 3 6 1 7 
20 9 11 7 4 3 0 2 6 5 1 
20 12 8 1 4 0 3 2 6 5 7 
19 13 6 1 4 5 3 2 6 0 7 
20 14 6 1 4 3 5 2 6 0 7 
20 12 8 1 4 0 7 2 6 3 5 
20 7 13 2 5 7 4 0 3 6 1 
17 9 8 2 5 7 4 1 3 6 0 
18 10 8 2 5 7 0 1 3 6 4 
19 10 9 2 5 7 0 4 3 6 1 
19 11 8 2 5 0 7 1 3 6 4 
19 11 8 2 5 7 1 4 3 6 0 
20 7 13 5 0 7 4 2 3 6 1 
19 8 11 5 3 7 4 2 0 6 1 
18 9 9 5 3 7 4 2 6 0 1 
18 10 8 5 3 7 4 2 6 1 0 
19 10 9 5 3 0 4 2 6 7 1 
20 9 11 3 5 7 4 2 0 6 1 
20 12 8 1 5 0 4 2 3 6 7 
19 13 6 1 5 4 0 2 3 6 7 
20 11 9 0 4 5 7 1 3 6 2 
20 12 8 3 0 5 7 1 2 6 4 
20 14 6 2 3 5 7 1 0 6 4 
20 10 10 0 4 5 7 3 2 6 1 
17 13 4 1 4 5 7 3 2 6 0 
20 14 6 1 0 5 7 2 3 6 4 
20 14 6 1 3 5 7 0 2 6 4 
20 14 6 1 4 6 0 2 3 5 7 
20 14 6 1 4 7 5 2 3 0 6 
20 8 12 4 3 5 6 0 2 1 7 
20 9 11 4 5 6 0 2 3 7 1 
20 8 12 2 4 6 0 5 3 1 7 
20 14 6 1 5 3 7 2 0 4 6 
20 7 13 6 0 7 4 2 5 3 1 
20 9 11 5 6 7 4 2 0 3 1 
20 12 8 1 6 0 4 2 5 3 7 
19 13 6 1 6 3 4 2 5 0 7 
18 14 4 1 6 3 4 2 5 7 0 
20 12 8 1 6 5 7 2 0 4 3 
20 13 7 0 1 3 7 2 4 5 6 
20 14 6 1 5 6 0 2 3 4 7 
20 16 4 1 3 5 0 2 6 4 7 
20 8 12 2 4 5 6 0 3 1 7 
20 10 10 3 4 5 6 2 0 1 7 
19 11 8 3 4 5 6 2 1 0 7 
20 9 11 2 5 6 7 0 4 3 1 
17 11 6 2 5 6 7 1 4 3 0 
20 12 8 2 6 0 4 1 5 3 7 
19 13 6 2 6 3 4 1 5 0 7 
18 14 4 2 6 3 4 1 5 7 0 
20 11 9 5 2 7 4 0 6 3 1 
17 13 4 5 2 7 4 1 6 3 0 
20 16 4 1 2 0 4 5 6 3 7 
19 17 2 1 2 3 4 5 6 0 7 
18 18 0 1 2 3 4 5 6 7 0 
