10 0 10 1 5 4 0 7 2 3 6 
11 1 10 1 5 4 6 7 2 3 0 
12 2 10 1 5 4 0 7 2 3 6 
13 3 10 1 5 0 4 7 2 3 6 
12 4 8 1 5 3 4 7 2 0 6 
11 5 6 1 5 3 4 7 2 6 0 
14 2 12 1 5 4 6 7 2 0 3 
14 6 8 1 5 3 0 7 2 6 4 
15 3 12 1 5 4 6 0 2 3 7 
14 4 10 1 5 4 6 2 0 3 7 
13 5 8 1 5 4 6 2 3 0 7 
14 6 8 1 5 4 0 6 2 3 7 
14 6 8 1 5 4 6 2 3 7 0 
14 6 8 1 5 0 6 2 3 4 7 
13 7 6 1 5 6 0 2 3 4 7 
12 8 4 1 5 6 7 2 3 4 0 
15 5 10 1 5 4 3 7 2 0 6 
14 6 8 1 5 4 3 7 2 6 0 
15 5 10 1 5 4 7 0 2 3 6 
14 6 8 1 5 4 7 2 0 3 6 
13 7 6 1 5 4 7 2 3 0 6 
12 8 4 1 5 4 7 2 3 6 0 
14 8 6 1 5 0 7 2 3 4 6 
15 5 10 1 5 3 4 7 0 2 6 
15 7 8 1 5 3 4 0 2 6 7 
15 7 8 1 5 4 7 6 2 3 0 
15 7 8 1 5 0 4 6 2 3 7 
14 8 6 1 5 3 4 6 2 0 7 
13 9 4 1 5 3 4 6 2 7 0 
15 7 8 1 5 4 0 2 3 7 6 
15 7 8 1 0 5 6 2 3 4 7 
14 8 6 1 3 5 6 2 0 4 7 
13 9 4 1 3 5 6 2 4 0 7 
14 10 4 1 3 5 6 2 4 7 0 
15 9 6 1 5 6 7 2 3 0 4 
15 7 8 1 5 4 7 6 2 3 0 
15 9 6 1 5 4 0 2 3 6 7 
15 9 6 1 5 7 0 2 3 4 6 
15 9 6 1 0 5 7 2 3 4 6 
14 10 4 1 3 5 7 2 0 4 6 
13 11 2 1 3 5 7 2 4 0 6 
12 12 0 1 3 5 7 2 4 6 0 
15 11 4 1 3 5 0 2 4 7 6 
15 13 2 1 3 5 0 2 4 6 7 
16 4 12 1 5 0 6 7 2 3 4 
15 5 10 1 5 3 6 7 2 0 4 
15 5 10 1 5 6 0 7 2 3 4 
14 6 8 1 5 6 4 7 2 3 0 
15 6 9 1 5 3 6 7 2 4 0 
16 4 12 1 0 5 4 7 2 3 6 
15 5 10 1 2 5 4 7 0 3 6 
16 3 13 1 5 0 6 7 2 4 3 
15 4 11 1 5 6 0 7 2 4 3 
14 5 9 1 5 6 3 7 2 4 0 
16 6 10 1 0 4 6 5 2 3 7 
15 7 8 1 2 4 6 5 0 3 7 
16 6 10 1 0 3 4 7 5 2 6 
16 6 10 1 5 3 4 0 7 2 6 
14 8 6 1 5 3 4 6 7 2 0 
16 8 8 1 5 3 4 2 0 6 7 
15 9 6 1 5 3 4 2 6 0 7 
14 10 4 1 5 3 4 2 6 7 0 
16 10 6 1 0 3 4 5 2 6 7 
15 11 4 1 2 3 4 5 0 6 7 
14 12 2 1 2 3 4 5 6 0 7 
13 13 0 1 2 3 4 5 6 7 0 
