13 0 13 6 1 2 0 4 7 5 3 
12 1 11 6 1 2 3 4 7 5 0 
15 2 13 6 1 2 0 4 7 5 3 
15 2 13 6 1 2 3 4 7 0 5 
15 3 12 6 1 2 3 0 7 5 4 
15 4 11 0 1 2 3 6 7 5 4 
15 5 10 1 0 2 3 6 7 5 4 
14 6 8 1 2 0 3 6 7 5 4 
13 7 6 1 2 3 0 6 7 5 4 
12 8 4 1 2 3 4 6 7 5 0 
15 7 8 1 2 5 3 6 7 0 4 
15 9 6 1 2 3 4 6 7 0 5 
16 3 13 6 1 2 3 4 0 7 5 
16 4 12 6 1 2 3 7 0 5 4 
15 5 10 6 1 2 3 7 5 0 4 
16 6 10 3 1 2 0 6 7 5 4 
15 7 8 3 1 2 4 6 7 5 0 
16 6 10 1 7 2 3 6 0 5 4 
15 7 8 1 7 2 3 6 5 0 4 
16 8 8 1 2 5 3 6 7 4 0 
16 8 8 1 2 5 3 6 0 7 4 
16 10 6 1 2 3 4 6 0 7 5 
16 6 10 6 1 2 3 7 5 4 0 
16 8 8 1 7 2 3 6 5 4 0 
17 5 12 6 1 2 4 0 7 5 3 
17 7 10 4 1 2 3 6 7 5 0 
17 10 7 1 2 3 5 6 7 0 4 
17 7 10 1 7 2 3 0 6 5 4 
17 9 8 1 2 5 3 0 6 7 4 
17 11 6 1 2 3 4 0 6 7 5 
13 13 0 1 2 3 4 5 6 7 0 
