15 0 15 4 2 6 1 7 3 0 5 
14 1 13 4 2 6 1 7 3 5 0 
16 2 14 4 2 6 0 7 3 5 1 
17 3 14 4 2 6 1 0 3 5 7 
16 6 10 4 2 6 0 1 3 5 7 
15 7 8 4 2 6 7 1 3 5 0 
17 4 13 0 2 6 1 4 3 5 7 
14 6 8 1 2 6 0 4 3 5 7 
13 7 6 1 2 6 7 4 3 5 0 
16 8 8 1 2 6 7 4 3 0 5 
17 5 12 2 0 6 1 4 3 5 7 
16 6 10 2 3 6 1 4 0 5 7 
17 7 10 1 2 0 6 4 3 5 7 
16 8 8 1 2 5 6 4 3 0 7 
17 9 8 1 2 6 5 4 3 0 7 
17 9 8 1 2 0 7 4 3 6 5 
17 7 10 2 3 6 1 4 5 0 7 
17 7 10 2 3 6 1 0 4 5 7 
16 10 6 2 3 6 0 1 4 5 7 
15 11 4 2 3 6 7 1 4 5 0 
17 9 8 1 2 5 6 4 3 7 0 
17 8 9 0 3 6 1 2 4 5 7 
14 10 4 1 3 6 0 2 4 5 7 
13 11 2 1 3 6 7 2 4 5 0 
16 12 4 1 3 6 7 2 4 0 5 
17 11 6 1 3 0 6 2 4 5 7 
16 12 4 1 3 5 6 2 4 0 7 
17 13 4 1 3 6 5 2 4 0 7 
17 13 4 1 3 0 7 2 4 6 5 
17 13 4 1 3 5 6 2 4 7 0 
18 4 14 0 2 6 4 7 3 5 1 
15 7 8 1 2 6 4 7 3 5 0 
18 5 13 4 2 6 7 0 3 5 1 
18 4 14 4 2 6 1 3 0 5 7 
18 6 12 4 0 6 1 2 3 5 7 
17 7 10 4 3 6 1 2 0 5 7 
18 8 10 4 2 6 7 1 3 0 5 
18 10 8 1 2 0 7 4 3 5 6 
17 11 6 1 2 5 7 4 3 0 6 
16 12 4 1 2 5 7 4 3 6 0 
18 6 12 2 6 0 1 4 3 5 7 
17 7 10 2 6 5 1 4 3 0 7 
17 7 10 2 6 1 0 4 3 5 7 
16 8 8 2 6 1 7 4 3 5 0 
18 10 8 1 2 6 5 4 3 7 0 
18 10 8 1 2 0 5 4 3 6 7 
17 11 6 1 2 5 0 4 3 6 7 
18 10 8 1 2 7 0 4 3 6 5 
17 11 6 1 2 7 5 4 3 6 0 
18 8 10 2 3 6 1 4 5 7 0 
18 8 10 2 3 0 1 4 5 6 7 
17 9 8 2 3 1 0 4 5 6 7 
16 10 6 2 3 1 7 4 5 6 0 
18 9 9 2 3 6 1 7 4 5 0 
18 12 6 2 3 6 7 1 4 0 5 
18 10 8 1 2 5 0 4 3 7 6 
18 14 4 1 3 0 7 2 4 5 6 
17 15 2 1 3 5 7 2 4 0 6 
16 16 0 1 3 5 7 2 4 6 0 
18 14 4 1 3 6 5 2 4 7 0 
18 14 4 1 3 0 5 2 4 6 7 
17 15 2 1 3 5 0 2 4 6 7 
18 14 4 1 3 7 0 2 4 6 5 
17 15 2 1 3 7 5 2 4 6 0 
18 14 4 1 3 5 0 2 4 7 6 
16 2 14 1 2 6 0 7 3 5 4 
18 8 10 1 2 6 4 7 3 0 5 
18 6 12 0 2 6 7 4 3 5 1 
18 7 11 0 4 6 1 2 3 5 7 
15 9 6 1 4 6 0 2 3 5 7 
14 10 4 1 4 6 7 2 3 5 0 
17 11 6 1 4 6 7 2 3 0 5 
18 8 10 4 3 6 1 2 5 0 7 
18 8 10 2 6 5 1 4 3 7 0 
18 7 11 2 0 6 7 4 3 5 1 
17 8 9 2 3 6 7 4 0 5 1 
18 10 8 1 4 0 6 2 3 5 7 
17 11 6 1 4 5 6 2 3 0 7 
18 12 6 1 4 6 5 2 3 0 7 
18 12 6 1 4 0 7 2 3 6 5 
18 9 9 2 3 6 7 4 5 0 1 
18 9 9 2 3 6 7 0 4 5 1 
18 12 6 1 4 5 6 2 3 7 0 
18 10 8 2 3 6 7 4 5 1 0 
18 10 8 0 3 6 7 2 4 5 1 
19 4 15 4 2 0 1 7 3 5 6 
18 5 13 4 2 5 1 7 3 0 6 
17 6 11 4 2 5 1 7 3 6 0 
18 5 13 4 2 1 0 7 3 5 6 
19 4 15 0 2 6 1 7 3 5 4 
16 6 10 1 2 6 0 7 3 5 4 
19 3 16 4 2 0 6 7 3 5 1 
18 4 14 4 2 5 6 7 3 0 1 
18 5 13 4 2 5 6 7 3 1 0 
19 5 14 4 2 6 5 7 3 0 1 
19 7 12 4 2 0 6 1 3 5 7 
18 8 10 4 2 5 6 1 3 0 7 
19 8 11 0 2 6 4 1 3 5 7 
19 9 10 4 2 6 5 1 3 0 7 
19 7 12 3 2 6 1 4 0 5 7 
19 7 12 7 2 6 1 4 3 5 0 
19 9 10 1 2 6 4 0 3 5 7 
19 9 10 1 2 6 7 0 3 5 4 
19 9 10 1 2 6 7 4 0 3 5 
19 9 10 1 2 5 6 4 0 3 7 
19 11 8 2 3 0 6 1 4 5 7 
18 12 6 2 3 5 6 1 4 0 7 
19 13 6 2 3 6 5 1 4 0 7 
19 9 10 3 0 6 1 2 4 5 7 
19 11 8 7 3 6 1 2 4 5 0 
19 13 6 1 3 6 7 2 0 4 5 
19 13 6 1 3 5 6 2 0 4 7 
19 9 10 1 2 6 4 0 3 5 7 
19 6 13 4 2 6 7 3 0 5 1 
19 8 11 4 0 6 7 2 3 5 1 
18 9 9 4 3 6 7 2 0 5 1 
19 5 14 4 2 6 1 3 5 0 7 
18 6 12 4 2 6 1 3 5 7 0 
19 5 14 4 0 6 1 3 2 5 7 
19 7 12 4 6 0 1 2 3 5 7 
18 8 10 4 6 5 1 2 3 0 7 
18 8 10 4 6 1 0 2 3 5 7 
17 9 8 4 6 1 7 2 3 5 0 
19 9 10 4 2 0 7 1 3 6 5 
19 11 8 1 2 7 0 4 3 5 6 
19 9 10 2 6 1 7 4 3 0 5 
19 11 8 2 3 1 7 4 5 0 6 
19 13 6 2 3 0 7 1 4 6 5 
19 15 4 1 3 7 0 2 4 5 6 
19 9 10 1 2 0 4 7 3 6 5 
19 9 10 1 2 6 4 7 0 3 5 
19 13 6 1 4 0 7 2 3 5 6 
18 14 4 1 4 5 7 2 3 0 6 
17 15 2 1 4 5 7 2 3 6 0 
19 9 10 4 3 6 1 2 5 7 0 
19 9 10 4 3 0 1 2 5 6 7 
18 10 8 4 3 1 0 2 5 6 7 
17 11 6 4 3 1 7 2 5 6 0 
19 8 11 2 6 0 7 4 3 5 1 
18 9 9 2 6 5 7 4 3 0 1 
18 10 8 2 6 5 7 4 3 1 0 
19 13 6 1 4 6 5 2 3 7 0 
19 13 6 1 4 0 5 2 3 6 7 
18 14 4 1 4 5 0 2 3 6 7 
19 13 6 1 4 7 0 2 3 6 5 
18 14 4 1 4 7 5 2 3 6 0 
19 10 9 2 3 0 7 4 5 6 1 
19 13 6 1 4 5 0 2 3 7 6 
19 7 12 4 2 5 0 7 3 6 1 
19 6 13 4 2 1 6 7 3 5 0 
19 7 12 1 2 0 6 7 3 5 4 
19 9 10 1 2 6 7 0 3 5 4 
19 6 13 4 2 5 0 7 3 1 6 
19 6 13 4 2 6 5 7 3 1 0 
19 9 10 4 2 5 6 1 3 7 0 
19 9 10 1 2 6 4 0 3 5 7 
19 13 6 2 3 5 6 1 4 7 0 
19 9 10 0 4 6 7 2 3 5 1 
19 10 9 4 3 6 7 2 5 0 1 
19 6 13 0 4 6 1 3 2 5 7 
16 8 8 1 4 6 0 3 2 5 7 
15 9 6 1 4 6 7 3 2 5 0 
18 10 8 1 4 6 7 3 2 0 5 
19 9 10 4 6 5 1 2 3 7 0 
19 8 11 1 2 5 6 7 3 0 4 
18 9 9 1 2 5 6 7 3 4 0 
19 11 8 4 3 6 7 2 5 1 0 
19 7 12 3 4 6 1 0 2 5 7 
18 8 10 3 4 6 1 2 0 5 7 
18 10 8 3 4 6 0 1 2 5 7 
17 11 6 3 4 6 7 1 2 5 0 
19 9 10 1 4 0 6 3 2 5 7 
18 10 8 1 4 5 6 3 2 0 7 
19 11 8 1 4 6 5 3 2 0 7 
19 11 8 1 4 0 7 3 2 6 5 
19 10 9 1 2 5 0 7 3 4 6 
19 9 10 3 4 6 1 2 5 0 7 
19 11 8 1 4 5 6 3 2 7 0 
20 10 10 4 2 0 7 1 3 5 6 
19 11 8 4 2 5 7 1 3 0 6 
18 12 6 4 2 5 7 1 3 6 0 
20 8 12 1 0 2 6 4 3 5 7 
19 9 10 1 3 2 6 4 0 5 7 
20 10 10 1 2 6 5 4 0 3 7 
20 10 10 1 0 2 7 4 3 6 5 
19 11 8 1 3 2 7 4 0 6 5 
20 14 6 2 3 0 7 1 4 5 6 
19 15 4 2 3 5 7 1 4 0 6 
18 16 2 2 3 5 7 1 4 6 0 
20 12 8 1 0 3 6 2 4 5 7 
20 14 6 1 3 6 5 2 0 4 7 
20 14 6 1 0 3 7 2 4 6 5 
20 5 15 7 2 6 4 0 3 5 1 
17 7 10 7 2 6 4 1 3 5 0 
20 5 15 2 0 6 4 7 3 5 1 
19 6 13 2 3 6 4 7 0 5 1 
18 7 11 2 3 6 4 7 5 0 1 
18 8 10 2 3 6 4 7 5 1 0 
19 6 13 2 6 0 4 7 3 5 1 
19 8 11 2 3 0 4 7 5 6 1 
20 7 13 3 2 6 4 7 0 5 1 
19 8 11 3 2 6 4 7 5 0 1 
19 9 10 3 2 6 4 7 5 1 0 
20 10 10 1 2 0 4 7 3 5 6 
20 8 12 4 3 6 1 0 2 5 7 
19 11 8 4 3 6 0 1 2 5 7 
18 12 6 4 3 6 7 1 2 5 0 
20 12 8 1 2 5 7 4 0 3 6 
20 8 12 2 6 5 1 4 0 3 7 
20 10 10 2 6 1 5 4 3 0 7 
20 12 8 1 2 7 5 4 3 0 6 
20 9 11 2 3 6 0 4 5 7 1 
20 10 10 2 3 6 0 7 4 5 1 
20 16 4 1 3 5 7 2 0 4 6 
20 16 4 1 3 7 5 2 4 0 6 
20 7 13 4 2 6 7 0 3 5 1 
20 9 11 3 2 6 7 4 0 5 1 
20 8 12 2 4 6 1 0 3 5 7 
19 11 8 2 4 6 0 1 3 5 7 
18 12 6 2 4 6 7 1 3 5 0 
20 10 10 3 4 6 1 2 0 5 7 
20 10 10 7 4 6 1 2 3 5 0 
20 12 8 1 4 6 7 2 0 3 5 
20 9 11 2 6 5 0 4 3 7 1 
20 12 8 1 4 5 6 2 0 3 7 
20 11 9 3 0 6 7 2 4 5 1 
20 8 12 4 2 5 1 0 3 6 7 
19 11 8 4 2 5 0 1 3 6 7 
20 7 13 0 2 1 4 7 3 5 6 
20 8 12 4 2 1 7 0 3 5 6 
20 5 15 2 0 6 1 7 3 5 4 
19 6 13 2 3 6 1 7 0 5 4 
19 7 12 2 3 6 1 7 5 0 4 
19 8 11 2 3 6 1 7 5 4 0 
20 9 11 1 2 6 5 7 3 0 4 
19 10 9 1 2 6 5 7 3 4 0 
20 6 14 4 2 0 5 7 3 6 1 
20 10 10 4 2 6 5 1 3 7 0 
20 10 10 4 2 0 5 1 3 6 7 
20 8 12 3 2 6 1 4 5 0 7 
20 8 12 3 0 6 1 4 2 5 7 
20 8 12 3 2 6 1 0 4 5 7 
19 11 8 3 2 6 0 1 4 5 7 
18 12 6 3 2 6 7 1 4 5 0 
20 10 10 1 2 6 4 3 0 5 7 
19 11 8 1 2 6 4 3 5 0 7 
18 12 6 1 2 6 4 3 5 7 0 
20 10 10 1 2 6 7 3 0 5 4 
20 12 8 1 0 6 7 2 3 5 4 
19 13 6 1 3 6 7 2 0 5 4 
20 10 10 1 0 6 7 4 2 3 5 
20 10 10 1 2 6 7 0 4 3 5 
20 10 10 1 0 5 6 4 2 3 7 
20 10 10 1 2 5 6 0 4 3 7 
20 14 6 2 3 6 5 1 4 7 0 
20 14 6 2 3 0 5 1 4 6 7 
19 15 4 2 3 5 0 1 4 6 7 
20 10 10 3 6 0 1 2 4 5 7 
19 11 8 3 6 5 1 2 4 0 7 
19 11 8 3 6 1 0 2 4 5 7 
18 12 6 3 6 1 7 2 4 5 0 
20 10 10 1 2 6 4 3 0 5 7 
20 7 13 4 2 6 7 3 5 0 1 
20 7 13 4 0 6 7 3 2 5 1 
20 9 11 4 6 0 7 2 3 5 1 
19 10 9 4 6 5 7 2 3 0 1 
19 11 8 4 6 5 7 2 3 1 0 
20 6 14 4 2 0 1 3 5 6 7 
19 7 12 4 2 1 0 3 5 6 7 
18 8 10 4 2 1 7 3 5 6 0 
20 7 13 4 2 6 0 3 5 7 1 
20 6 14 4 6 0 1 3 2 5 7 
19 7 12 4 6 5 1 3 2 0 7 
19 7 12 4 6 1 0 3 2 5 7 
18 8 10 4 6 1 7 3 2 5 0 
20 10 10 4 6 1 7 2 3 0 5 
20 10 10 4 2 7 0 1 3 6 5 
19 11 8 4 2 7 5 1 3 6 0 
20 12 8 1 2 7 6 4 3 5 0 
19 10 9 2 3 1 7 4 0 5 6 
20 14 6 2 3 7 0 1 4 6 5 
19 15 4 2 3 7 5 1 4 6 0 
20 16 4 1 3 7 6 2 4 5 0 
20 10 10 1 2 4 0 7 3 6 5 
20 10 10 1 2 6 4 0 7 3 5 
16 12 4 1 2 6 4 5 7 3 0 
19 13 6 1 2 6 0 5 7 3 4 
19 13 6 1 2 6 4 5 7 0 3 
20 14 6 1 4 7 0 2 3 5 6 
20 12 8 4 3 1 7 2 5 0 6 
20 9 11 2 6 7 0 4 3 5 1 
20 11 9 2 3 7 0 4 5 6 1 
20 10 10 1 2 6 7 3 0 5 4 
20 12 8 1 0 6 7 2 3 5 4 
20 10 10 4 2 5 0 1 3 7 6 
20 10 10 1 2 6 4 3 0 5 7 
20 14 6 2 3 5 0 1 4 7 6 
20 11 9 4 3 0 7 2 5 6 1 
20 12 8 1 4 0 7 3 2 5 6 
19 13 6 1 4 5 7 3 2 0 6 
18 14 4 1 4 5 7 3 2 6 0 
20 9 11 3 4 6 1 7 2 5 0 
20 12 8 3 4 6 7 1 2 0 5 
20 12 8 1 4 6 5 3 2 7 0 
20 12 8 1 4 0 5 3 2 6 7 
19 13 6 1 4 5 0 3 2 6 7 
20 12 8 1 4 7 0 3 2 6 5 
19 13 6 1 4 7 5 3 2 6 0 
20 10 10 3 4 6 1 2 5 7 0 
20 10 10 3 4 0 1 2 5 6 7 
19 11 8 3 4 1 0 2 5 6 7 
18 12 6 3 4 1 7 2 5 6 0 
20 12 8 1 4 5 0 3 2 7 6 
20 10 10 1 3 2 6 4 5 0 7 
20 10 10 1 3 2 6 0 4 5 7 
20 12 8 1 3 2 7 4 6 0 5 
19 13 6 1 3 2 7 4 6 5 0 
20 12 8 1 3 2 7 0 4 6 5 
20 8 12 7 2 6 0 1 3 5 4 
20 8 12 7 2 6 4 1 3 0 5 
20 7 13 2 3 6 4 0 7 5 1 
17 9 8 2 3 6 4 1 7 5 0 
20 7 13 2 6 5 4 7 3 0 1 
20 7 13 2 6 4 0 7 3 5 1 
20 9 11 2 3 4 0 7 5 6 1 
20 9 11 2 0 3 4 7 5 6 1 
20 9 11 3 2 0 4 7 5 6 1 
20 9 11 0 3 6 1 4 2 5 7 
17 11 6 1 3 6 0 4 2 5 7 
16 12 4 1 3 6 7 4 2 5 0 
19 13 6 1 3 6 7 4 2 0 5 
20 9 11 0 2 5 1 4 3 6 7 
20 10 10 6 2 1 4 7 3 5 0 
20 9 11 0 2 1 7 4 3 5 6 
20 10 10 4 2 1 7 6 3 5 0 
20 6 14 2 6 0 1 7 3 5 4 
19 7 12 2 6 1 0 7 3 5 4 
18 8 10 2 6 1 4 7 3 5 0 
20 8 12 2 3 0 1 7 5 6 4 
19 9 10 2 3 1 0 7 5 6 4 
18 10 8 2 3 1 4 7 5 6 0 
20 9 11 3 2 6 1 4 5 7 0 
20 9 11 0 3 6 1 4 2 5 7 
20 12 8 1 2 0 4 3 5 6 7 
20 14 6 1 3 6 7 2 5 0 4 
19 15 4 1 3 6 7 2 5 4 0 
20 12 8 1 2 6 7 5 4 3 0 
20 12 8 3 6 5 1 2 4 7 0 
20 8 12 4 2 6 7 3 5 1 0 
20 8 12 0 4 6 7 3 2 5 1 
20 9 11 0 2 1 4 3 5 6 7 
20 8 12 4 6 5 1 3 2 7 0 
20 11 9 1 2 4 5 7 3 6 0 
20 14 6 1 2 0 4 5 7 6 3 
20 14 6 1 2 6 4 5 0 7 3 
20 10 10 2 6 7 1 4 3 5 0 
20 12 8 2 3 7 1 4 5 6 0 
20 11 9 1 3 2 6 4 5 7 0 
20 14 6 1 3 2 7 5 4 6 0 
20 10 10 2 3 6 0 1 7 5 4 
20 10 10 2 3 6 4 1 7 0 5 
20 8 12 2 6 5 4 7 3 1 0 
20 8 12 2 6 4 1 7 3 5 0 
20 10 10 2 3 4 1 7 5 6 0 
20 10 10 0 2 3 4 7 5 6 1 
17 13 4 1 2 3 4 7 5 6 0 
20 12 8 1 3 0 6 4 2 5 7 
19 13 6 1 3 5 6 4 2 0 7 
20 14 6 1 3 6 5 4 2 0 7 
20 14 6 1 3 0 7 4 2 6 5 
20 10 10 2 0 5 1 4 3 6 7 
19 11 8 2 3 5 1 4 0 6 7 
20 10 10 2 0 1 7 4 3 5 6 
19 11 8 2 3 1 7 4 0 5 6 
19 11 8 2 1 0 7 4 3 5 6 
18 12 6 2 1 5 7 4 3 0 6 
17 13 4 2 1 5 7 4 3 6 0 
20 7 13 2 6 5 1 7 3 0 4 
19 8 11 2 6 5 1 7 3 4 0 
20 9 11 3 4 6 7 0 2 5 1 
19 10 9 3 4 6 7 2 0 5 1 
20 10 10 3 2 1 4 0 5 6 7 
19 11 8 3 2 1 4 5 0 6 7 
18 12 6 3 2 1 4 5 6 0 7 
17 13 4 3 2 1 4 5 6 7 0 
20 14 6 1 2 3 0 7 5 6 4 
20 14 6 1 2 3 4 7 5 0 6 
20 14 6 1 3 5 6 4 2 7 0 
20 12 8 2 3 5 1 4 6 0 7 
20 12 8 2 3 5 1 0 4 6 7 
20 12 8 2 3 1 7 0 4 5 6 
20 12 8 2 1 7 0 4 3 5 6 
20 14 6 2 1 5 0 4 3 6 7 
20 11 9 3 4 6 7 2 5 0 1 
20 12 8 3 2 1 4 7 5 6 0 
20 14 6 3 2 1 0 5 6 7 4 
20 13 7 0 3 5 1 2 4 6 7 
20 13 7 0 3 1 7 2 4 5 6 
20 14 6 2 3 1 7 6 4 5 0 
20 12 8 3 4 6 7 2 5 1 0 
21 10 11 0 2 6 7 1 3 5 4 
21 13 8 1 3 6 7 0 4 5 2 
21 9 12 4 2 6 7 1 0 3 5 
21 11 10 1 0 2 7 4 3 5 6 
20 12 8 1 3 2 7 4 0 5 6 
21 11 10 1 2 6 0 4 3 7 5 
21 11 10 1 0 2 5 4 3 6 7 
20 12 8 1 3 2 5 4 0 6 7 
21 9 12 2 0 3 1 4 5 6 7 
20 10 10 2 5 3 1 4 0 6 7 
21 10 11 2 3 6 1 7 4 0 5 
21 13 8 2 3 6 7 1 0 4 5 
21 11 10 1 2 0 5 4 3 7 6 
20 12 8 1 2 7 5 4 3 0 6 
21 15 6 1 0 3 7 2 4 5 6 
21 15 6 1 3 6 0 2 4 7 5 
21 15 6 1 0 3 5 2 4 6 7 
21 15 6 1 3 0 5 2 4 7 6 
20 16 4 1 3 7 5 2 4 0 6 
21 8 13 7 2 6 0 4 3 5 1 
21 11 10 1 0 4 6 2 3 5 7 
20 12 8 1 3 4 6 2 0 5 7 
21 13 8 1 4 6 5 2 0 3 7 
21 13 8 1 0 4 7 2 3 6 5 
20 14 6 1 3 4 7 2 0 6 5 
21 11 10 2 3 6 0 4 5 1 7 
21 12 9 7 3 6 0 2 4 5 1 
21 6 15 4 2 5 1 7 0 3 6 
21 8 13 4 2 1 5 7 3 0 6 
20 9 11 4 2 1 5 7 3 6 0 
21 5 16 7 2 6 1 0 3 5 4 
21 7 14 3 2 6 1 7 0 5 4 
20 8 12 3 2 6 1 7 5 0 4 
21 5 16 4 2 5 6 7 0 3 1 
21 7 14 4 2 5 6 0 3 1 7 
21 9 12 4 2 5 6 1 0 3 7 
21 9 12 2 0 6 4 1 3 5 7 
20 10 10 2 3 6 4 1 0 5 7 
19 11 8 2 3 6 4 1 5 0 7 
18 12 6 2 3 6 4 1 5 7 0 
20 10 10 2 6 0 4 1 3 5 7 
20 12 8 2 3 0 4 1 5 6 7 
21 11 10 3 2 6 4 1 0 5 7 
20 12 8 3 2 6 4 1 5 0 7 
19 13 6 3 2 6 4 1 5 7 0 
21 8 13 7 2 6 0 4 3 5 1 
21 10 11 0 2 6 7 1 3 5 4 
21 13 8 2 3 5 6 1 0 4 7 
21 12 9 7 3 6 0 2 4 5 1 
21 10 11 4 3 6 7 0 2 5 1 
21 9 12 4 6 5 1 2 0 3 7 
21 11 10 4 6 1 5 2 3 0 7 
21 15 6 1 4 5 7 2 0 3 6 
21 10 11 4 3 6 0 2 5 7 1 
21 10 11 2 6 5 7 4 0 3 1 
21 11 10 2 6 5 0 4 3 1 7 
21 15 6 1 4 7 5 2 3 0 6 
21 10 11 4 2 5 7 0 3 6 1 
21 10 11 0 2 6 7 1 3 5 4 
21 9 12 4 2 5 7 0 3 1 6 
21 10 11 2 4 6 7 0 3 5 1 
21 12 9 3 4 6 7 2 0 5 1 
21 9 12 2 4 6 1 3 0 5 7 
21 9 12 7 4 6 1 3 2 5 0 
21 11 10 1 4 6 3 0 2 5 7 
20 12 8 1 4 6 3 2 0 5 7 
21 11 10 1 4 6 7 0 2 5 3 
20 12 8 1 4 6 7 2 0 5 3 
21 11 10 1 4 6 7 3 0 2 5 
21 10 11 4 6 5 0 2 3 7 1 
21 9 12 1 2 5 6 7 0 3 4 
21 11 10 1 2 5 6 0 3 4 7 
21 11 10 3 4 0 6 1 2 5 7 
20 12 8 3 4 5 6 1 2 0 7 
21 13 8 3 4 6 5 1 2 0 7 
21 11 10 1 4 5 6 3 0 2 7 
21 13 8 1 2 5 7 0 3 4 6 
21 11 10 4 2 7 0 1 3 5 6 
21 11 10 1 0 6 5 4 2 3 7 
21 11 10 1 2 6 5 0 4 3 7 
21 15 6 2 3 7 0 1 4 5 6 
21 13 8 1 4 3 6 2 0 5 7 
21 15 6 1 4 3 7 2 0 6 5 
21 6 15 7 2 6 4 3 0 5 1 
20 7 13 7 2 6 4 3 5 0 1 
20 8 12 7 2 6 4 3 5 1 0 
21 8 13 7 2 6 0 4 3 5 1 
21 9 12 2 3 6 0 7 5 1 4 
21 8 13 3 2 6 4 0 7 5 1 
18 10 8 3 2 6 4 1 7 5 0 
21 11 10 1 2 5 4 7 3 0 6 
20 12 8 1 2 5 4 7 3 6 0 
21 11 10 1 2 4 0 7 3 5 6 
21 10 11 4 3 6 1 7 2 5 0 
21 13 8 4 3 6 7 1 2 0 5 
21 13 8 1 0 5 7 4 2 3 6 
21 13 8 1 2 5 7 0 4 3 6 
21 9 12 2 0 5 1 4 6 3 7 
21 9 12 2 6 5 1 0 4 3 7 
20 12 8 2 6 5 0 1 4 3 7 
19 13 6 2 6 5 7 1 4 3 0 
21 11 10 2 6 1 5 4 3 7 0 
21 10 11 3 2 6 7 4 5 0 1 
21 10 11 3 0 6 7 4 2 5 1 
21 10 11 3 2 6 7 0 4 5 1 
21 9 12 2 4 6 1 3 0 5 7 
21 10 11 2 4 6 1 7 3 5 0 
21 13 8 2 4 6 7 1 3 0 5 
21 13 8 1 0 6 7 2 4 3 5 
21 13 8 1 0 5 6 2 4 3 7 
21 12 9 3 6 0 7 2 4 5 1 
20 13 7 3 6 5 7 2 4 0 1 
20 14 6 3 6 5 7 2 4 1 0 
21 9 12 4 2 5 1 3 0 6 7 
21 11 10 4 0 5 1 2 3 6 7 
20 12 8 4 3 5 1 2 0 6 7 
21 9 12 4 2 1 7 3 0 5 6 
21 11 10 4 0 1 7 2 3 5 6 
20 12 8 4 3 1 7 2 0 5 6 
20 12 8 4 1 0 7 2 3 5 6 
19 13 6 4 1 5 7 2 3 0 6 
18 14 4 4 1 5 7 2 3 6 0 
21 6 15 0 2 6 1 7 3 5 4 
21 7 14 2 3 6 1 0 7 5 4 
19 9 10 2 3 6 1 4 7 5 0 
21 9 12 2 3 6 0 7 5 4 1 
21 10 11 1 2 0 5 7 3 6 4 
20 11 9 1 2 5 0 7 3 6 4 
21 10 11 1 2 6 5 7 0 3 4 
21 9 12 3 2 0 1 4 5 6 7 
20 10 10 3 2 1 0 4 5 6 7 
19 11 8 3 2 1 7 4 5 6 0 
21 9 12 3 6 0 1 4 2 5 7 
20 10 10 3 6 5 1 4 2 0 7 
20 10 10 3 6 1 0 4 2 5 7 
19 11 8 3 6 1 7 4 2 5 0 
21 10 11 3 2 6 1 7 4 5 0 
21 13 8 3 2 6 7 1 4 0 5 
21 13 8 1 2 6 0 3 5 7 4 
21 11 10 1 2 6 7 3 5 0 4 
20 12 8 1 2 6 7 3 5 4 0 
21 11 10 1 0 6 7 3 2 5 4 
21 13 8 1 6 0 7 2 3 5 4 
20 14 6 1 6 5 7 2 3 0 4 
19 15 4 1 6 5 7 2 3 4 0 
21 11 10 1 6 0 7 4 2 3 5 
20 12 8 1 6 3 7 4 2 0 5 
19 13 6 1 6 3 7 4 2 5 0 
21 13 8 1 0 6 7 2 4 3 5 
21 11 10 1 5 0 6 4 2 3 7 
20 12 8 1 5 3 6 4 2 0 7 
20 12 8 1 5 6 0 4 2 3 7 
19 13 6 1 5 6 7 4 2 3 0 
21 12 9 1 2 5 6 7 4 3 0 
21 13 8 1 0 5 6 2 4 3 7 
21 13 8 1 2 5 0 6 4 3 7 
20 14 6 1 2 5 7 6 4 3 0 
21 13 8 3 6 1 7 2 4 0 5 
21 8 13 4 2 0 7 3 5 6 1 
21 8 13 4 6 0 7 3 2 5 1 
20 9 11 4 6 5 7 3 2 0 1 
20 10 10 4 6 5 7 3 2 1 0 
21 10 11 4 6 7 0 2 3 5 1 
21 9 12 4 2 1 7 3 5 0 6 
21 9 12 0 2 6 4 3 5 7 1 
21 9 12 4 6 1 7 3 2 0 5 
21 15 6 1 2 0 4 5 7 3 6 
20 16 4 1 2 3 4 5 7 0 6 
19 17 2 1 2 3 4 5 7 6 0 
21 15 6 1 4 7 6 2 3 5 0 
21 11 10 1 2 6 7 3 5 0 4 
21 11 10 1 0 6 7 3 2 5 4 
21 13 8 1 6 0 7 2 3 5 4 
21 12 9 4 3 7 0 2 5 6 1 
21 13 8 1 4 7 0 3 2 5 6 
21 13 8 3 4 0 7 1 2 6 5 
21 13 8 3 4 1 7 2 5 0 6 
21 11 10 1 3 0 6 4 5 2 7 
20 12 8 1 3 6 0 4 5 2 7 
19 13 6 1 3 6 7 4 5 2 0 
21 12 9 1 3 2 6 7 4 5 0 
21 13 8 1 3 2 0 6 4 5 7 
20 14 6 1 3 2 7 6 4 5 0 
21 13 8 1 3 0 7 4 6 2 5 
21 10 11 0 2 6 7 1 3 5 4 
21 9 12 7 2 0 4 1 3 6 5 
21 9 12 7 2 6 4 1 0 3 5 
21 10 11 2 3 6 0 4 7 5 1 
21 8 13 2 6 5 4 7 0 3 1 
21 10 11 2 5 3 4 7 0 6 1 
20 11 9 2 5 3 4 7 6 0 1 
20 12 8 2 5 3 4 7 6 1 0 
21 10 11 3 2 4 0 7 5 6 1 
21 15 6 1 3 0 7 4 2 5 6 
20 16 4 1 3 5 7 4 2 0 6 
19 17 2 1 3 5 7 4 2 6 0 
21 9 12 2 6 1 4 7 3 0 5 
21 9 12 2 0 3 1 7 5 6 4 
21 11 10 2 3 1 4 7 5 0 6 
21 13 8 1 2 4 0 3 5 6 7 
21 15 6 1 3 0 7 2 5 6 4 
21 13 8 1 2 6 0 5 4 3 7 
21 15 6 1 2 4 0 5 7 6 3 
20 16 4 1 2 4 3 5 7 6 0 
21 12 9 1 3 2 0 4 5 7 6 
21 11 10 2 3 0 4 1 7 6 5 
21 11 10 2 3 6 4 1 0 7 5 
21 15 6 1 2 3 4 0 5 6 7 
20 16 4 1 2 3 4 5 0 6 7 
19 17 2 1 2 3 4 5 6 0 7 
18 18 0 1 2 3 4 5 6 7 0 
