12 0 12 5 0 3 6 2 4 1 7 
13 1 12 5 4 3 6 2 0 1 7 
12 2 10 5 4 3 6 2 1 0 7 
13 3 10 5 4 3 6 2 1 7 0 
14 4 10 5 4 3 0 2 1 7 6 
15 3 12 5 4 0 6 2 1 3 7 
14 4 10 5 4 6 0 2 1 3 7 
13 5 8 5 4 6 7 2 1 3 0 
15 7 8 5 4 3 7 2 1 0 6 
14 8 6 5 4 3 7 2 1 6 0 
16 2 14 5 4 3 6 0 2 1 7 
15 5 10 5 4 3 0 6 2 1 7 
16 6 10 5 4 6 7 2 1 0 3 
16 3 13 0 4 3 6 5 2 1 7 
15 5 10 6 4 3 0 5 2 1 7 
16 4 12 5 4 3 6 7 2 1 0 
16 6 10 5 4 3 7 6 2 1 0 
16 6 10 6 4 3 7 5 2 1 0 
17 5 12 5 4 0 3 2 1 7 6 
16 6 10 5 4 7 3 2 1 0 6 
15 7 8 5 4 7 3 2 1 6 0 
17 6 11 0 4 3 5 2 1 7 6 
17 6 11 0 4 6 5 2 1 3 7 
17 7 10 5 4 6 3 2 1 0 7 
17 9 8 5 4 3 0 2 1 6 7 
17 7 10 5 4 0 7 2 1 6 3 
17 5 12 5 4 3 0 7 2 1 6 
17 9 8 1 4 3 5 2 0 7 6 
17 9 8 1 4 6 5 2 0 3 7 
16 10 6 1 4 6 5 2 3 0 7 
17 11 6 1 4 6 5 2 3 7 0 
17 11 6 1 4 0 5 2 3 6 7 
16 12 4 1 4 5 0 2 3 6 7 
15 13 2 1 4 5 7 2 3 6 0 
18 4 14 5 0 4 6 2 1 3 7 
17 5 12 5 1 4 6 2 0 3 7 
16 6 10 5 1 4 6 2 3 0 7 
17 7 10 5 1 4 6 2 3 7 0 
17 7 10 5 1 0 6 2 3 4 7 
16 8 8 5 1 6 0 2 3 4 7 
15 9 6 5 1 6 7 2 3 4 0 
18 8 10 5 4 0 7 2 1 3 6 
18 8 10 5 4 0 7 2 1 3 6 
18 8 10 5 4 3 7 2 0 1 6 
18 6 12 5 4 0 3 6 2 1 7 
17 7 10 5 4 1 3 6 2 0 7 
16 8 8 5 4 1 3 6 2 7 0 
18 8 10 5 4 3 1 6 2 0 7 
17 9 8 5 4 3 1 6 2 7 0 
18 4 14 4 0 3 6 5 2 1 7 
17 5 12 4 2 3 6 5 0 1 7 
16 6 10 4 2 3 6 5 1 0 7 
15 7 8 4 2 3 6 5 1 7 0 
16 8 8 4 2 3 0 5 1 7 6 
17 10 7 0 2 3 4 5 1 7 6 
17 13 4 1 2 3 4 5 0 7 6 
17 13 4 6 2 3 4 5 1 7 0 
18 6 12 2 4 3 6 5 0 1 7 
17 7 10 2 4 3 6 5 1 0 7 
16 8 8 2 4 3 6 5 1 7 0 
17 9 8 2 4 3 0 5 1 7 6 
18 6 12 7 4 3 6 5 2 1 0 
18 6 12 6 4 0 3 5 2 1 7 
17 7 10 6 4 1 3 5 2 0 7 
16 8 8 6 4 1 3 5 2 7 0 
18 8 10 6 4 3 1 5 2 0 7 
17 9 8 6 4 3 1 5 2 7 0 
18 5 13 5 4 3 6 7 2 0 1 
18 7 11 5 4 3 7 6 2 0 1 
18 7 11 6 4 3 7 5 2 0 1 
18 6 12 5 0 4 3 2 1 7 6 
17 7 10 5 1 4 3 2 0 7 6 
18 8 10 5 4 7 0 2 1 6 3 
18 8 10 5 4 6 3 2 1 7 0 
18 8 10 5 4 0 3 2 1 6 7 
18 8 10 5 4 7 0 2 1 6 3 
18 10 8 1 4 3 5 2 7 0 6 
17 11 6 1 4 3 5 2 7 6 0 
18 10 8 1 0 3 5 2 4 7 6 
17 11 6 1 3 0 5 2 4 7 6 
16 12 4 1 3 7 5 2 4 0 6 
15 13 2 1 3 7 5 2 4 6 0 
16 12 4 1 3 5 0 2 4 7 6 
17 13 4 1 3 5 6 2 4 7 0 
17 15 2 1 3 5 7 2 4 0 6 
16 16 0 1 3 5 7 2 4 6 0 
18 10 8 1 0 6 5 2 4 3 7 
18 14 4 1 4 5 7 2 3 0 6 
18 5 13 0 5 4 6 2 1 3 7 
18 6 12 5 1 4 6 0 2 3 7 
17 9 8 5 1 4 0 6 2 3 7 
18 8 10 5 1 4 0 2 3 7 6 
18 10 8 5 1 6 7 2 3 0 4 
18 14 4 1 2 3 4 5 7 0 6 
17 15 2 1 2 3 4 5 7 6 0 
18 8 10 5 1 4 3 2 7 0 6 
17 9 8 5 1 4 3 2 7 6 0 
18 8 10 5 1 4 3 0 2 7 6 
16 10 6 5 1 4 3 6 2 7 0 
18 14 4 1 3 7 0 2 4 6 5 
17 12 5 1 3 5 6 2 4 0 7 
18 8 10 1 5 4 6 2 0 3 7 
17 9 8 1 5 4 6 2 3 0 7 
18 7 11 0 1 4 6 5 2 3 7 
17 9 8 6 1 4 0 5 2 3 7 
18 8 10 5 1 4 6 7 2 3 0 
18 10 8 5 1 4 7 6 2 3 0 
18 10 8 5 1 0 4 6 2 3 7 
17 11 6 5 1 3 4 6 2 0 7 
16 12 4 5 1 3 4 6 2 7 0 
18 9 9 0 1 4 3 5 2 7 6 
18 10 8 1 5 4 6 2 3 7 0 
18 10 8 1 5 0 6 2 3 4 7 
17 11 6 1 5 6 0 2 3 4 7 
16 12 4 1 5 6 7 2 3 4 0 
18 8 10 1 0 4 6 5 2 3 7 
17 9 8 1 2 4 6 5 0 3 7 
18 10 8 6 1 4 7 5 2 3 0 
18 10 8 6 1 0 4 5 2 3 7 
17 11 6 6 1 3 4 5 2 0 7 
16 12 4 6 1 3 4 5 2 7 0 
18 10 8 1 0 4 3 5 2 7 6 
17 11 6 1 2 4 3 5 0 7 6 
18 12 6 6 1 4 3 5 2 7 0 
18 10 8 1 2 4 6 5 3 0 7 
17 11 6 1 2 4 6 5 3 7 0 
18 12 6 1 2 4 3 5 7 0 6 
17 13 4 1 2 4 3 5 7 6 0 
18 12 6 1 2 4 0 5 3 7 6 
19 5 14 5 4 3 6 0 1 7 2 
18 6 12 5 4 3 6 1 0 7 2 
18 8 10 5 4 3 0 6 1 7 2 
17 9 8 5 4 3 2 6 1 7 0 
19 6 13 0 4 3 6 2 1 7 5 
19 7 12 5 4 3 2 0 1 7 6 
18 8 10 5 4 3 2 1 0 7 6 
19 8 11 0 4 6 7 2 1 3 5 
19 5 14 5 0 3 6 4 2 1 7 
18 6 12 5 3 0 6 4 2 1 7 
17 7 10 5 3 1 6 4 2 0 7 
17 7 10 5 3 6 0 4 2 1 7 
16 8 8 5 3 6 7 4 2 1 0 
18 8 10 5 3 1 6 4 2 7 0 
18 9 9 5 3 6 7 4 2 0 1 
19 7 12 5 4 6 7 2 0 1 3 
19 7 12 5 4 7 3 2 0 1 6 
19 7 12 2 4 3 5 0 1 7 6 
18 8 10 2 4 3 5 1 0 7 6 
18 9 9 2 4 3 5 6 1 7 0 
19 7 12 4 0 3 5 2 1 7 6 
18 8 10 4 1 3 5 2 0 7 6 
18 8 10 4 3 0 5 2 1 7 6 
17 9 8 4 3 7 5 2 1 0 6 
16 10 6 4 3 7 5 2 1 6 0 
17 9 8 4 3 5 0 2 1 7 6 
18 10 8 4 3 5 6 2 1 7 0 
18 12 6 4 3 5 7 2 1 0 6 
17 13 4 4 3 5 7 2 1 6 0 
19 9 10 6 4 3 5 2 1 7 0 
19 7 12 2 4 6 5 0 1 3 7 
18 8 10 2 4 6 5 1 0 3 7 
17 9 8 2 4 6 5 1 3 0 7 
18 10 8 2 4 6 5 1 3 7 0 
18 10 8 2 4 0 5 1 3 6 7 
17 11 6 2 4 5 0 1 3 6 7 
16 12 4 2 4 5 7 1 3 6 0 
19 7 12 4 0 6 5 2 1 3 7 
18 8 10 4 1 6 5 2 0 3 7 
17 9 8 4 1 6 5 2 3 0 7 
18 10 8 4 1 6 5 2 3 7 0 
18 10 8 4 1 0 5 2 3 6 7 
17 11 6 4 1 5 0 2 3 6 7 
16 12 4 4 1 5 7 2 3 6 0 
19 9 10 7 4 6 5 2 1 3 0 
19 10 9 0 1 6 5 2 3 4 7 
19 9 10 5 4 7 0 2 1 3 6 
19 9 10 5 4 7 0 2 1 3 6 
19 9 10 5 0 3 7 2 4 1 6 
18 10 8 5 3 0 7 2 4 1 6 
17 11 6 5 3 1 7 2 4 0 6 
16 12 4 5 3 1 7 2 4 6 0 
19 7 12 5 0 4 3 6 2 1 7 
18 8 10 5 2 4 3 6 0 1 7 
17 9 8 5 2 4 3 6 1 0 7 
16 10 6 5 2 4 3 6 1 7 0 
19 9 10 5 4 1 0 6 2 7 3 
19 10 9 5 4 3 0 6 2 7 1 
19 5 14 4 3 0 6 5 2 1 7 
18 6 12 4 3 1 6 5 2 0 7 
17 7 10 4 3 1 6 5 2 7 0 
18 6 12 4 3 6 0 5 2 1 7 
17 7 10 4 3 6 7 5 2 1 0 
18 8 10 4 3 1 0 5 2 7 6 
19 7 12 4 2 0 6 5 1 3 7 
18 8 10 4 2 6 0 5 1 3 7 
19 10 9 0 2 3 6 5 1 7 4 
18 12 6 6 2 3 0 5 1 7 4 
19 9 10 4 2 0 3 5 1 7 6 
19 11 8 5 2 3 4 0 1 7 6 
17 13 4 5 2 3 4 6 1 7 0 
18 12 6 5 2 3 4 1 0 7 6 
19 11 8 2 0 3 4 5 1 7 6 
18 12 6 2 1 3 4 5 0 7 6 
19 7 12 7 4 3 0 5 2 1 6 
19 7 12 6 0 4 3 5 2 1 7 
18 8 10 6 2 4 3 5 0 1 7 
17 9 8 6 2 4 3 5 1 0 7 
16 10 6 6 2 4 3 5 1 7 0 
19 9 10 6 4 1 0 5 2 7 3 
19 10 9 6 4 3 0 5 2 7 1 
19 13 6 1 3 7 5 2 0 4 6 
17 14 3 1 3 5 0 2 4 6 7 
19 11 8 1 6 0 5 2 4 3 7 
18 12 6 1 6 3 5 2 4 0 7 
18 12 6 1 6 5 0 2 4 3 7 
17 13 4 1 6 5 7 2 4 3 0 
19 7 12 6 5 4 0 2 1 3 7 
18 8 10 6 5 4 7 2 1 3 0 
19 9 10 5 1 0 4 2 3 7 6 
19 11 8 5 1 4 7 2 3 0 6 
18 12 6 5 1 4 7 2 3 6 0 
19 11 8 5 1 0 7 2 3 6 4 
19 11 8 5 1 4 0 6 2 7 3 
19 11 8 5 1 4 3 6 2 0 7 
19 15 4 1 3 0 7 2 4 6 5 
19 9 10 5 1 4 0 7 2 3 6 
19 13 6 5 1 3 0 6 2 7 4 
19 11 8 3 1 4 0 5 2 7 6 
19 11 8 1 5 4 0 2 3 7 6 
19 11 8 1 0 5 6 2 3 4 7 
18 12 6 1 3 5 6 2 0 4 7 
17 13 4 1 3 5 6 2 4 0 7 
19 13 6 1 5 6 7 2 3 0 4 
19 9 10 1 4 0 6 5 2 3 7 
18 10 8 1 4 3 6 5 2 0 7 
17 11 6 1 4 3 6 5 2 7 0 
18 10 8 1 4 6 0 5 2 3 7 
18 12 6 1 4 3 0 5 2 7 6 
19 13 6 6 1 3 0 5 2 7 4 
19 11 8 1 4 0 3 5 2 7 6 
19 13 6 1 2 0 4 5 3 7 6 
19 6 13 0 4 3 6 5 1 7 2 
18 8 10 6 4 3 0 5 1 7 2 
17 9 8 6 4 3 2 5 1 7 0 
19 7 12 5 4 3 6 1 7 0 2 
18 8 10 5 4 3 6 1 7 2 0 
19 9 10 1 4 3 6 2 0 7 5 
19 8 11 0 4 3 2 5 1 7 6 
19 9 10 5 4 3 2 1 7 0 6 
18 10 8 5 4 3 2 1 7 6 0 
19 11 8 1 4 6 7 2 0 3 5 
18 12 6 1 4 6 7 2 3 0 5 
17 13 4 1 4 6 7 2 3 5 0 
19 6 13 5 2 3 6 4 0 1 7 
18 7 11 5 2 3 6 4 1 0 7 
17 8 9 5 2 3 6 4 1 7 0 
18 9 9 5 2 3 0 4 1 7 6 
19 6 13 0 5 3 6 4 2 1 7 
19 9 10 5 3 1 0 4 2 7 6 
19 10 9 5 3 0 7 4 2 6 1 
19 9 10 2 4 3 5 1 7 0 6 
18 10 8 2 4 3 5 1 7 6 0 
19 9 10 2 0 3 5 1 4 7 6 
18 10 8 2 3 0 5 1 4 7 6 
17 11 6 2 3 7 5 1 4 0 6 
16 12 4 2 3 7 5 1 4 6 0 
17 11 6 2 3 5 0 1 4 7 6 
18 12 6 2 3 5 6 1 4 7 0 
18 14 4 2 3 5 7 1 4 0 6 
17 15 2 2 3 5 7 1 4 6 0 
19 9 10 4 1 3 5 2 7 0 6 
18 10 8 4 1 3 5 2 7 6 0 
19 11 8 4 3 7 0 2 1 6 5 
19 11 8 4 3 5 6 2 1 0 7 
19 9 10 2 0 6 5 1 4 3 7 
19 13 6 2 4 5 7 1 3 0 6 
19 13 6 4 1 5 7 2 3 0 6 
19 11 8 1 0 6 5 2 3 4 7 
18 12 6 1 3 6 5 2 0 4 7 
17 13 4 1 3 6 5 2 4 0 7 
17 12 5 1 3 6 5 2 4 7 0 
18 14 4 1 3 0 5 2 4 6 7 
17 15 2 1 3 5 0 2 4 6 7 
19 10 9 0 5 3 7 2 4 1 6 
19 11 8 5 3 7 0 2 4 1 6 
19 13 6 5 3 1 0 2 4 6 7 
19 9 10 5 2 4 3 0 6 1 7 
19 11 8 5 2 4 0 6 1 7 3 
19 8 11 0 3 6 4 5 2 1 7 
19 8 11 4 3 6 7 5 2 0 1 
19 10 9 0 3 1 4 5 2 7 6 
19 9 10 4 2 6 7 5 1 3 0 
19 10 9 0 2 6 4 5 1 3 7 
19 13 6 1 2 3 6 5 0 7 4 
19 13 6 5 2 3 4 1 7 0 6 
18 14 4 5 2 3 4 1 7 6 0 
19 13 6 2 1 3 4 5 7 0 6 
18 14 4 2 1 3 4 5 7 6 0 
19 8 11 0 6 4 3 5 2 1 7 
19 11 8 6 2 4 0 5 1 7 3 
19 13 6 1 6 3 5 2 4 7 0 
19 11 8 1 4 6 7 5 2 3 0 
19 9 10 1 4 3 6 5 0 7 2 
19 9 10 5 4 3 0 1 7 2 6 
19 11 8 1 4 3 2 5 0 7 6 
19 13 6 1 4 0 7 2 3 6 5 
19 13 6 2 3 7 0 1 4 6 5 
18 11 7 2 3 5 6 1 4 0 7 
19 10 9 0 2 4 3 5 6 1 7 
19 11 8 5 2 4 3 7 6 1 0 
19 13 6 6 3 1 4 5 2 7 0 
19 13 6 1 2 6 4 5 0 3 7 
20 6 14 5 4 0 6 2 1 7 3 
19 7 12 5 4 7 6 2 1 0 3 
18 8 10 5 4 7 6 2 1 3 0 
19 7 12 5 4 6 0 2 1 7 3 
20 11 9 0 4 3 7 2 1 6 5 
20 7 13 0 4 3 5 6 2 1 7 
20 8 12 5 4 3 7 0 2 1 6 
20 8 12 5 4 6 3 2 0 1 7 
20 10 10 5 4 0 3 2 1 6 7 
20 11 9 0 4 3 5 2 1 6 7 
20 8 12 5 0 4 7 2 1 6 3 
19 9 10 5 1 4 7 2 0 6 3 
20 6 14 5 4 0 3 7 2 1 6 
19 7 12 5 4 1 3 7 2 0 6 
18 8 10 5 4 1 3 7 2 6 0 
20 8 12 5 4 3 1 7 2 0 6 
19 9 10 5 4 3 1 7 2 6 0 
20 8 12 5 4 3 7 0 2 1 6 
20 10 10 1 4 3 5 0 2 7 6 
19 12 7 1 4 3 5 6 2 7 0 
20 10 10 1 4 6 5 0 2 3 7 
20 12 8 1 4 6 0 2 3 7 5 
20 12 8 1 0 4 5 2 3 6 7 
19 13 6 1 3 4 5 2 0 6 7 
20 8 12 5 0 1 6 2 3 4 7 
19 9 10 5 3 1 6 2 0 4 7 
18 10 8 5 3 1 6 2 4 0 7 
19 11 8 5 3 1 6 2 4 7 0 
20 12 8 5 1 0 7 2 3 4 6 
20 8 12 5 4 1 3 6 0 2 7 
20 6 14 4 2 3 6 0 5 1 7 
19 9 10 4 2 3 0 6 5 1 7 
20 14 6 1 0 3 4 5 2 7 6 
20 14 6 1 2 3 4 0 5 7 6 
18 16 2 1 2 3 4 6 5 7 0 
20 14 6 6 2 3 4 5 1 0 7 
20 8 12 2 4 0 6 5 1 3 7 
19 9 10 2 4 6 0 5 1 3 7 
20 10 10 2 4 0 3 5 1 7 6 
20 7 13 7 4 3 6 5 2 0 1 
20 8 12 6 4 1 3 5 0 2 7 
20 7 13 0 5 4 3 2 1 7 6 
19 9 10 3 5 4 0 2 1 7 6 
20 12 8 1 4 3 0 2 7 6 5 
20 11 9 0 1 3 5 2 4 7 6 
19 14 5 1 3 0 7 2 4 5 6 
20 16 4 1 3 5 7 2 0 4 6 
20 11 9 0 1 6 5 2 4 3 7 
20 6 14 2 5 4 6 0 1 3 7 
19 7 12 2 5 4 6 1 0 3 7 
18 8 10 2 5 4 6 1 3 0 7 
19 9 10 2 5 4 0 6 1 3 7 
19 9 10 2 5 4 6 1 3 7 0 
19 9 10 2 5 0 6 1 3 4 7 
18 10 8 2 5 6 0 1 3 4 7 
17 11 6 2 5 6 7 1 3 4 0 
20 8 12 7 5 4 6 2 1 3 0 
20 16 4 1 2 3 0 5 7 6 4 
20 10 10 5 1 4 0 2 7 6 3 
20 10 10 2 1 4 6 5 0 3 7 
20 10 10 7 1 4 6 5 2 3 0 
20 12 8 6 1 4 3 5 2 0 7 
20 12 8 5 1 3 4 6 0 2 7 
20 12 8 2 1 4 3 5 0 7 6 
20 10 10 1 2 4 6 0 5 3 7 
19 13 6 1 2 4 0 6 5 3 7 
20 12 8 6 1 3 4 5 0 2 7 
20 12 8 1 2 4 3 0 5 7 6 
18 14 4 1 2 4 3 6 5 7 0 
20 14 6 1 2 4 0 5 7 6 3 
20 10 10 5 4 3 2 6 1 0 7 
20 8 12 6 4 3 0 2 1 7 5 
20 8 12 5 3 1 6 4 0 2 7 
20 9 11 0 3 6 5 4 2 1 7 
20 10 10 5 3 6 1 4 2 0 7 
20 8 12 5 0 6 7 2 4 1 3 
20 8 12 5 0 7 3 2 4 1 6 
20 10 10 2 4 3 0 6 1 7 5 
20 10 10 2 4 3 5 6 1 0 7 
20 10 10 4 3 7 5 2 0 1 6 
19 12 7 4 3 5 0 2 1 6 7 
20 10 10 6 4 3 5 2 1 0 7 
20 9 11 2 4 6 5 7 1 3 0 
20 8 12 4 6 0 5 2 1 3 7 
19 9 10 4 6 3 5 2 1 0 7 
19 9 10 4 6 5 0 2 1 3 7 
18 10 8 4 6 5 7 2 1 3 0 
20 10 10 5 4 7 6 2 1 3 0 
20 12 8 5 3 1 7 2 0 4 6 
20 10 10 5 2 0 3 6 1 4 7 
19 11 8 5 2 3 0 6 1 4 7 
20 10 10 4 2 7 3 5 1 0 6 
19 11 8 4 2 7 3 5 1 6 0 
19 9 10 5 2 3 0 6 1 7 4 
20 14 6 5 2 3 4 6 1 0 7 
20 12 8 2 3 0 4 5 1 7 6 
20 10 10 6 2 0 3 5 1 4 7 
19 11 8 6 2 3 0 5 1 4 7 
20 14 6 1 6 5 7 2 4 0 3 
20 8 12 6 5 0 4 2 1 3 7 
19 9 10 6 5 3 4 2 1 0 7 
18 10 8 6 5 3 4 2 1 7 0 
20 10 10 5 1 7 4 2 3 0 6 
19 11 8 5 1 7 4 2 3 6 0 
20 12 8 5 1 0 7 2 3 4 6 
20 12 8 5 1 7 0 2 3 6 4 
20 12 8 5 1 0 4 6 2 7 3 
19 12 7 1 3 6 7 2 4 0 5 
18 15 3 1 3 6 7 2 4 5 0 
20 10 10 5 1 0 4 7 2 3 6 
19 11 8 5 1 3 4 7 2 0 6 
18 12 6 5 1 3 4 7 2 6 0 
20 12 8 3 1 4 6 5 2 7 0 
20 12 8 3 1 0 4 5 2 7 6 
20 14 6 1 5 4 7 2 3 0 6 
19 15 4 1 5 4 7 2 3 6 0 
20 14 6 1 3 0 6 2 4 5 7 
19 15 4 1 3 6 0 2 4 5 7 
18 16 2 1 3 6 7 2 4 5 0 
20 14 6 1 5 0 7 2 3 6 4 
20 12 8 1 4 7 3 5 2 0 6 
19 13 6 1 4 7 3 5 2 6 0 
20 14 6 1 2 7 4 5 3 0 6 
19 15 4 1 2 7 4 5 3 6 0 
20 10 10 6 4 3 2 5 1 0 7 
20 10 10 1 4 3 6 2 7 0 5 
19 11 8 1 4 3 6 2 7 5 0 
20 10 10 1 0 3 6 2 4 7 5 
19 11 8 1 3 0 6 2 4 7 5 
18 12 6 1 3 7 6 2 4 0 5 
17 13 4 1 3 7 6 2 4 5 0 
18 12 6 1 3 6 0 2 4 7 5 
17 13 4 1 3 6 5 2 4 7 0 
18 14 4 1 3 7 0 2 4 5 6 
19 15 4 1 3 6 7 2 4 0 5 
19 15 4 1 3 0 7 2 4 5 6 
20 12 8 1 0 6 7 2 4 3 5 
20 14 6 1 4 6 0 2 3 5 7 
20 10 10 5 2 3 6 0 1 7 4 
19 11 8 5 2 3 6 1 0 7 4 
19 13 6 5 2 3 0 6 1 7 4 
20 8 12 6 5 3 0 4 2 1 7 
19 9 10 6 5 3 7 4 2 1 0 
20 12 8 5 3 1 7 4 2 0 6 
19 13 6 5 3 1 7 4 2 6 0 
20 11 9 5 3 7 0 4 2 6 1 
20 12 8 2 3 7 5 1 0 4 6 
19 14 5 2 3 5 0 1 4 6 7 
20 12 8 4 3 0 7 2 1 6 5 
20 10 10 2 6 0 5 1 4 3 7 
19 11 8 2 6 3 5 1 4 0 7 
19 11 8 2 6 5 0 1 4 3 7 
18 12 6 2 6 5 7 1 4 3 0 
20 12 8 1 6 0 5 2 3 4 7 
19 13 6 1 6 5 0 2 3 4 7 
18 14 4 1 6 5 7 2 3 4 0 
20 16 4 1 3 0 5 2 4 6 7 
20 12 8 5 3 7 6 2 4 1 0 
20 12 8 5 2 0 4 6 1 7 3 
20 9 11 4 3 0 7 5 2 6 1 
20 14 6 1 2 3 6 5 7 0 4 
20 10 10 3 6 4 0 5 2 1 7 
20 12 8 6 2 0 4 5 1 7 3 
20 10 10 1 4 3 6 5 7 0 2 
19 11 8 1 4 3 6 5 7 2 0 
20 12 8 1 4 3 2 5 7 0 6 
19 13 6 1 4 3 2 5 7 6 0 
20 14 6 1 4 7 0 2 3 6 5 
18 13 5 1 4 7 5 2 3 6 0 
20 14 6 2 3 0 7 1 4 6 5 
20 12 8 3 2 4 0 5 6 1 7 
20 14 6 1 2 6 4 5 3 0 7 
19 15 4 1 2 6 4 5 3 7 0 
20 14 6 1 4 3 7 2 0 6 5 
20 14 6 1 4 3 5 2 0 6 7 
20 9 11 0 5 4 7 2 1 6 3 
18 12 6 3 5 4 7 2 1 6 0 
20 10 10 5 1 4 7 2 6 0 3 
19 11 8 5 1 4 7 2 6 3 0 
20 14 6 1 3 4 5 2 6 0 7 
20 9 11 0 5 1 6 2 3 4 7 
20 12 8 5 3 1 0 2 4 7 6 
20 8 12 4 2 3 6 7 5 1 0 
20 10 10 4 2 3 7 6 5 1 0 
20 11 9 0 2 3 4 6 5 1 7 
20 10 10 2 4 6 7 5 1 3 0 
20 8 12 2 5 4 3 0 1 7 6 
18 10 8 2 5 4 3 6 1 7 0 
19 9 10 2 5 4 3 1 0 7 6 
20 10 10 1 5 4 3 2 0 7 6 
20 10 10 6 5 4 3 2 1 7 0 
20 10 10 3 5 4 6 2 1 7 0 
20 12 8 3 5 4 7 2 1 0 6 
20 8 12 2 5 4 6 7 1 3 0 
20 8 12 2 0 4 6 1 5 3 7 
20 10 10 2 5 4 7 6 1 3 0 
20 10 10 2 5 0 4 6 1 3 7 
19 11 8 2 5 3 4 6 1 0 7 
18 12 6 2 5 3 4 6 1 7 0 
20 10 10 2 5 4 0 1 3 7 6 
20 10 10 2 0 5 6 1 3 4 7 
19 11 8 2 3 5 6 1 0 4 7 
18 12 6 2 3 5 6 1 4 0 7 
20 12 8 2 5 6 7 1 3 0 4 
20 12 8 1 2 4 6 7 5 3 0 
20 14 6 1 2 4 7 6 5 3 0 
20 14 6 1 2 0 4 6 5 3 7 
19 15 4 1 2 3 4 6 5 0 7 
20 9 11 0 5 6 7 2 4 1 3 
18 12 6 3 5 6 7 2 4 1 0 
20 9 11 0 5 7 3 2 4 1 6 
19 11 8 3 5 7 0 2 4 1 6 
20 10 10 4 6 3 5 2 1 7 0 
20 12 8 5 2 3 7 6 1 4 0 
20 14 6 5 2 3 4 6 1 0 7 
20 12 8 6 2 3 7 5 1 4 0 
20 12 8 5 1 7 0 2 3 6 4 
20 12 8 1 4 3 0 2 7 5 6 
20 12 8 5 2 3 6 1 7 0 4 
20 12 8 5 3 7 1 4 2 6 0 
20 12 8 2 6 3 5 1 4 7 0 
20 12 8 1 4 3 0 5 7 2 6 
20 12 8 1 5 4 7 2 0 6 3 
20 12 8 5 1 4 0 2 6 3 7 
20 10 10 2 5 4 3 1 7 0 6 
19 11 8 2 5 4 3 1 7 6 0 
20 10 10 2 0 4 3 1 5 7 6 
20 9 11 0 2 4 6 1 5 3 7 
19 11 8 6 2 4 0 1 5 3 7 
20 13 7 3 5 6 7 2 4 0 1 
20 12 8 3 5 7 6 2 4 1 0 
20 12 8 3 5 0 7 2 4 1 6 
19 13 6 3 5 1 7 2 4 0 6 
18 14 4 3 5 1 7 2 4 6 0 
20 11 9 0 2 4 3 1 5 7 6 
20 12 8 6 2 4 7 1 5 3 0 
20 12 8 6 2 0 4 1 5 3 7 
19 13 6 6 2 3 4 1 5 0 7 
18 14 4 6 2 3 4 1 5 7 0 
20 14 6 6 2 4 3 1 5 7 0 
21 7 14 5 4 6 2 0 1 3 7 
20 8 12 5 4 6 2 1 0 3 7 
20 9 11 5 4 6 2 1 3 0 7 
20 10 10 5 4 6 2 1 3 7 0 
21 7 14 5 4 6 7 0 1 3 2 
20 8 12 5 4 6 7 1 0 3 2 
19 9 10 5 4 6 7 1 3 0 2 
18 10 8 5 4 6 7 1 3 2 0 
20 10 10 5 4 0 7 1 3 6 2 
21 10 11 0 4 7 3 2 1 6 5 
20 12 8 3 4 7 0 2 1 6 5 
19 13 6 3 4 7 5 2 1 6 0 
21 7 14 0 4 3 5 7 2 1 6 
21 15 6 1 4 5 6 2 3 0 7 
21 11 10 5 1 6 4 2 3 0 7 
20 12 8 5 1 6 4 2 3 7 0 
21 12 9 0 1 6 7 2 3 4 5 
21 9 12 5 0 4 7 2 1 3 6 
20 10 10 5 1 4 7 2 0 3 6 
21 9 12 5 0 4 7 2 1 3 6 
21 9 12 5 4 3 7 0 2 1 6 
21 9 12 5 4 0 1 6 2 3 7 
20 10 10 5 4 1 0 6 2 3 7 
21 9 12 5 4 3 1 6 0 2 7 
21 11 10 4 2 3 7 5 1 0 6 
20 12 8 4 2 3 7 5 1 6 0 
21 7 14 2 0 3 6 5 4 1 7 
20 8 12 2 3 0 6 5 4 1 7 
19 9 10 2 3 1 6 5 4 0 7 
19 9 10 2 3 6 0 5 4 1 7 
18 10 8 2 3 6 7 5 4 1 0 
20 10 10 2 3 1 6 5 4 7 0 
20 11 9 2 3 6 7 5 4 0 1 
21 7 14 2 4 3 6 0 5 1 7 
20 10 10 2 4 3 0 6 5 1 7 
21 9 12 6 4 0 1 5 2 3 7 
20 10 10 6 4 1 0 5 2 3 7 
21 9 12 6 4 3 1 5 0 2 7 
21 6 15 5 4 0 6 7 2 3 1 
20 7 13 5 4 6 0 7 2 3 1 
20 8 12 5 4 6 1 7 2 3 0 
21 6 15 5 4 3 6 7 0 2 1 
21 8 13 5 4 0 7 6 2 3 1 
20 9 11 5 4 7 0 6 2 3 1 
20 10 10 5 4 7 1 6 2 3 0 
21 8 13 5 4 3 7 6 0 2 1 
21 8 13 6 4 0 7 5 2 3 1 
20 9 11 6 4 7 0 5 2 3 1 
20 10 10 6 4 7 1 5 2 3 0 
21 8 13 6 4 3 7 5 0 2 1 
21 10 11 0 4 7 5 2 1 6 3 
21 9 12 5 0 4 3 2 1 6 7 
20 10 10 5 1 4 3 2 0 6 7 
19 11 8 5 1 4 3 2 6 0 7 
18 12 6 5 1 4 3 2 6 7 0 
21 10 11 0 4 7 5 2 1 6 3 
21 11 10 1 4 0 5 2 7 3 6 
20 12 8 1 4 5 0 2 7 3 6 
21 15 6 1 4 0 7 2 3 5 6 
21 15 6 1 4 5 7 2 0 3 6 
21 9 12 5 0 4 6 1 2 3 7 
20 10 10 5 2 4 6 1 0 3 7 
21 10 11 0 1 4 5 2 3 7 6 
21 11 10 5 1 6 7 2 0 3 4 
21 15 6 1 2 0 4 5 7 3 6 
21 9 12 5 1 0 3 2 7 4 6 
20 10 10 5 1 3 0 2 7 4 6 
21 11 10 5 0 4 3 1 2 7 6 
20 12 8 5 2 4 3 1 0 7 6 
21 11 10 5 1 4 0 3 2 7 6 
21 13 8 5 1 0 3 6 2 7 4 
21 9 12 1 0 4 6 2 5 3 7 
20 10 10 1 4 0 6 2 5 3 7 
19 11 8 1 4 3 6 2 5 0 7 
19 11 8 1 4 6 0 2 5 3 7 
18 12 6 1 4 6 7 2 5 3 0 
20 12 8 1 4 3 6 2 5 7 0 
20 12 8 1 4 3 6 2 0 5 7 
21 9 12 1 5 4 6 0 2 3 7 
20 12 8 1 5 4 0 6 2 3 7 
21 9 12 5 1 4 6 7 2 0 3 
21 11 10 5 1 4 7 6 2 0 3 
21 11 10 5 0 1 4 6 2 3 7 
20 12 8 5 2 1 4 6 0 3 7 
21 15 6 1 5 0 7 2 3 4 6 
21 11 10 6 1 4 7 5 2 0 3 
21 11 10 6 0 1 4 5 2 3 7 
20 12 8 6 2 1 4 5 0 3 7 
20 10 10 6 1 4 0 5 2 7 3 
21 13 8 6 1 4 3 5 2 0 7 
21 11 10 1 2 0 6 5 3 4 7 
20 12 8 1 2 6 0 5 3 4 7 
21 13 8 1 2 0 3 5 7 4 6 
20 14 6 1 2 3 0 5 7 4 6 
21 7 14 5 0 3 6 1 4 7 2 
20 8 12 5 3 0 6 1 4 7 2 
19 9 10 5 3 7 6 1 4 0 2 
18 10 8 5 3 7 6 1 4 2 0 
19 9 10 5 3 6 0 1 4 7 2 
19 11 8 5 3 7 0 1 4 2 6 
19 10 9 5 3 6 2 1 4 7 0 
20 12 8 5 3 6 7 1 4 0 2 
19 13 6 5 3 6 7 1 4 2 0 
20 12 8 5 3 0 7 1 4 2 6 
20 11 9 5 3 6 2 1 4 0 7 
21 9 12 5 4 0 3 6 1 7 2 
21 7 14 2 4 3 6 0 1 7 5 
20 8 12 2 4 3 6 1 0 7 5 
21 7 14 4 0 3 6 2 1 7 5 
20 8 12 4 1 3 6 2 0 7 5 
20 8 12 4 3 0 6 2 1 7 5 
19 9 10 4 3 7 6 2 1 0 5 
18 10 8 4 3 7 6 2 1 5 0 
19 9 10 4 3 6 0 2 1 7 5 
18 10 8 4 3 6 5 2 1 7 0 
19 11 8 4 3 7 0 2 1 5 6 
19 11 8 4 3 6 5 2 1 0 7 
19 12 7 4 3 6 7 2 1 0 5 
18 11 7 4 3 6 7 2 1 5 0 
20 12 8 4 3 0 7 2 1 5 6 
20 12 8 4 3 0 5 2 1 6 7 
19 13 6 4 3 5 0 2 1 6 7 
21 9 12 5 0 3 2 1 4 7 6 
21 9 12 5 4 3 2 0 1 7 6 
21 9 12 2 4 6 7 0 1 3 5 
20 10 10 2 4 6 7 1 0 3 5 
19 11 8 2 4 6 7 1 3 0 5 
18 12 6 2 4 6 7 1 3 5 0 
20 12 8 2 4 0 7 1 3 6 5 
21 9 12 4 0 6 7 2 1 3 5 
20 10 10 4 1 6 7 2 0 3 5 
19 11 8 4 1 6 7 2 3 0 5 
18 12 6 4 1 6 7 2 3 5 0 
20 12 8 4 1 0 7 2 3 6 5 
21 11 10 5 3 0 7 4 2 1 6 
21 10 11 5 3 6 7 4 0 2 1 
21 9 12 2 4 3 5 0 1 7 6 
21 9 12 4 1 3 5 0 2 7 6 
20 11 9 4 1 3 5 6 2 7 0 
20 12 8 4 1 3 0 5 2 7 6 
21 13 8 4 3 5 7 2 0 1 6 
21 11 10 2 4 6 0 1 3 7 5 
21 11 10 2 0 4 5 1 3 6 7 
20 12 8 2 3 4 5 1 0 6 7 
21 9 12 4 1 6 5 0 2 3 7 
21 11 10 4 1 6 0 2 3 7 5 
21 11 10 4 0 1 5 2 3 6 7 
20 12 8 4 3 1 5 2 0 6 7 
21 11 10 2 1 6 5 0 3 4 7 
21 13 8 3 1 6 5 2 0 4 7 
20 14 6 3 1 6 5 2 4 0 7 
21 13 8 7 1 6 5 2 3 4 0 
21 8 13 0 5 4 3 6 2 1 7 
21 13 8 5 2 0 3 6 1 7 4 
21 7 14 4 3 1 6 5 0 2 7 
21 10 11 0 3 1 6 5 2 7 4 
20 12 8 6 3 1 0 5 2 7 4 
21 9 12 4 3 6 1 5 2 0 7 
20 10 10 4 3 6 1 5 2 7 0 
21 9 12 4 3 6 5 0 2 1 7 
20 10 10 4 3 6 5 2 0 1 7 
21 9 12 4 3 6 7 0 2 1 5 
20 10 10 4 3 6 7 2 0 1 5 
19 11 8 4 3 6 7 2 1 0 5 
18 12 6 4 3 6 7 2 1 5 0 
21 9 12 4 3 0 1 5 2 7 6 
21 11 10 4 3 1 7 5 2 0 6 
20 12 8 4 3 1 7 5 2 6 0 
21 11 10 4 2 6 3 5 1 0 7 
20 12 8 4 2 6 3 5 1 7 0 
21 11 10 2 0 3 6 5 1 7 4 
20 12 8 2 1 3 6 5 0 7 4 
21 13 8 6 2 0 3 5 1 7 4 
21 13 8 5 0 3 4 1 2 7 6 
21 13 8 2 1 3 4 0 5 7 6 
19 15 4 2 1 3 4 6 5 7 0 
21 9 12 6 2 4 3 0 5 1 7 
21 13 8 6 2 0 3 5 1 7 4 
21 13 8 1 6 3 5 2 0 4 7 
21 15 6 1 6 5 3 2 4 0 7 
21 9 12 6 5 4 7 2 1 0 3 
21 13 8 5 1 4 0 2 3 6 7 
21 12 9 0 1 5 6 2 3 4 7 
21 13 8 1 3 5 6 0 2 4 7 
21 11 10 1 4 3 6 5 0 2 7 
21 13 8 1 4 6 3 5 2 0 7 
20 14 6 1 4 6 3 5 2 7 0 
21 13 8 1 4 0 3 5 2 7 6 
21 7 14 4 0 3 6 5 1 7 2 
20 8 12 4 1 3 6 5 0 7 2 
21 9 12 6 4 0 3 5 1 7 2 
21 9 12 4 0 3 2 5 1 7 6 
20 10 10 4 1 3 2 5 0 7 6 
21 11 10 5 4 3 0 1 7 6 2 
21 7 14 5 2 3 6 0 4 1 7 
20 10 10 5 2 3 0 6 4 1 7 
21 8 13 5 2 0 6 4 1 3 7 
20 9 11 5 2 6 0 4 1 3 7 
20 10 10 5 2 6 7 4 1 3 0 
21 10 11 5 2 0 3 4 1 7 6 
21 7 14 4 5 3 6 0 2 1 7 
20 8 12 4 5 3 6 2 0 1 7 
19 9 10 4 5 3 6 2 1 0 7 
20 10 10 4 5 3 6 2 1 7 0 
21 9 12 2 5 3 6 4 0 1 7 
20 10 10 2 5 3 6 4 1 0 7 
21 9 12 7 5 3 6 4 2 1 0 
21 11 10 2 4 3 0 1 7 6 5 
21 10 11 0 2 3 5 1 4 7 6 
20 12 8 5 2 3 0 1 4 7 6 
20 15 5 2 3 0 5 1 4 6 7 
20 13 7 2 3 0 7 1 4 5 6 
21 15 6 2 3 5 7 1 0 4 6 
21 11 10 4 1 3 0 2 7 6 5 
21 10 11 0 2 6 5 1 4 3 7 
21 13 8 1 3 6 5 0 2 4 7 
21 15 6 1 0 3 5 2 4 6 7 
21 11 10 2 5 3 7 0 4 1 6 
21 13 8 6 5 3 7 2 4 1 0 
21 9 12 5 3 6 4 0 2 1 7 
21 9 12 3 0 6 4 5 2 1 7 
20 10 10 3 2 6 4 5 0 1 7 
19 11 8 3 2 6 4 5 1 0 7 
18 12 6 3 2 6 4 5 1 7 0 
20 10 10 3 6 0 4 5 2 1 7 
19 11 8 3 6 1 4 5 2 0 7 
18 12 6 3 6 1 4 5 2 7 0 
20 12 8 3 2 0 4 5 1 6 7 
21 11 10 2 3 6 4 5 0 1 7 
20 12 8 2 3 6 4 5 1 0 7 
19 13 6 2 3 6 4 5 1 7 0 
21 11 10 7 3 6 4 5 2 1 0 
21 11 10 5 3 1 4 0 2 7 6 
19 13 6 5 3 1 4 6 2 7 0 
21 11 10 3 0 1 4 5 2 7 6 
20 12 8 3 2 1 4 5 0 7 6 
21 13 8 2 3 1 4 5 0 7 6 
21 11 10 5 2 6 4 0 1 3 7 
20 12 8 5 2 6 4 1 0 3 7 
21 11 10 2 0 6 4 5 1 3 7 
20 12 8 2 1 6 4 5 0 3 7 
20 12 8 2 6 0 4 5 1 3 7 
19 13 6 2 6 3 4 5 1 0 7 
18 14 4 2 6 3 4 5 1 7 0 
21 13 8 7 2 6 4 5 1 3 0 
21 15 6 5 2 3 0 1 7 6 4 
21 15 6 2 1 3 0 5 7 6 4 
21 9 12 5 6 4 3 0 2 1 7 
21 11 10 2 6 4 3 5 0 1 7 
20 12 8 2 6 4 3 5 1 0 7 
19 13 6 2 6 4 3 5 1 7 0 
21 11 10 7 6 4 3 5 2 1 0 
21 11 10 2 0 4 3 5 6 1 7 
21 13 8 7 2 4 3 5 6 1 0 
21 12 9 5 2 4 3 7 6 0 1 
21 7 14 5 0 4 6 2 1 7 3 
20 8 12 5 1 4 6 2 0 7 3 
21 9 12 5 4 7 6 2 1 0 3 
21 9 12 5 0 6 3 2 4 1 7 
21 7 14 5 0 4 3 7 2 1 6 
20 8 12 5 2 4 3 7 0 1 6 
19 9 10 5 2 4 3 7 1 0 6 
18 10 8 5 2 4 3 7 1 6 0 
21 9 12 5 4 1 0 7 2 6 3 
21 10 11 5 4 3 0 7 2 6 1 
21 13 8 1 4 3 0 6 2 7 5 
21 13 8 1 4 3 5 6 2 0 7 
21 12 9 1 4 6 5 7 2 3 0 
21 11 10 5 3 0 6 2 4 1 7 
20 12 8 5 3 6 0 2 4 1 7 
19 13 6 5 3 6 7 2 4 1 0 
21 13 8 5 1 7 0 2 3 4 6 
21 9 12 5 4 1 3 0 6 2 7 
21 7 14 0 2 3 6 4 5 1 7 
20 9 11 6 2 3 0 4 5 1 7 
21 15 6 1 3 0 4 5 2 7 6 
21 17 4 1 2 3 0 6 5 7 4 
21 9 12 2 0 4 6 5 1 3 7 
21 11 10 2 4 7 3 5 1 0 6 
20 12 8 2 4 7 3 5 1 6 0 
21 11 10 2 0 4 3 5 1 7 6 
21 13 8 5 1 3 0 2 4 7 6 
21 13 8 5 1 6 0 2 4 3 7 
20 14 6 5 1 6 7 2 4 3 0 
21 9 12 2 0 4 6 5 1 3 7 
21 9 12 7 5 4 0 2 1 3 6 
21 11 10 5 1 0 4 2 7 6 3 
21 11 10 2 1 4 6 5 3 0 7 
20 12 8 2 1 4 6 5 3 7 0 
21 11 10 7 1 4 0 5 2 3 6 
21 13 8 5 1 3 4 0 6 2 7 
21 13 8 2 1 4 3 5 7 0 6 
20 14 6 2 1 4 3 5 7 6 0 
21 15 6 1 2 4 0 6 5 7 3 
21 15 6 1 2 4 3 6 5 0 7 
21 15 6 1 2 0 4 5 7 6 3 
20 11 9 6 4 3 7 2 1 0 5 
19 10 9 6 4 3 7 2 1 5 0 
21 9 12 5 3 1 6 0 4 2 7 
21 11 10 5 3 6 1 4 2 7 0 
21 11 10 5 3 0 1 4 2 6 7 
20 12 8 5 3 1 0 4 2 6 7 
21 9 12 5 6 0 7 2 4 1 3 
20 10 10 5 6 1 7 2 4 0 3 
19 11 8 5 6 1 7 2 4 3 0 
21 9 12 5 7 0 3 2 4 1 6 
20 10 10 5 7 1 3 2 4 0 6 
19 11 8 5 7 1 3 2 4 6 0 
20 10 10 5 7 3 0 2 4 1 6 
21 11 10 4 6 5 7 2 1 0 3 
21 13 8 2 3 7 4 5 1 0 6 
20 14 6 2 3 7 4 5 1 6 0 
21 13 8 2 3 4 0 5 1 7 6 
21 11 10 6 5 3 0 2 1 7 4 
21 11 10 5 1 7 4 2 0 3 6 
21 13 8 5 1 7 0 2 3 4 6 
21 13 8 5 1 0 7 2 3 6 4 
21 13 8 5 1 7 4 6 2 0 3 
20 14 6 5 1 7 4 6 2 3 0 
21 13 8 5 1 3 0 7 2 6 4 
21 13 8 3 1 7 4 5 2 0 6 
20 14 6 3 1 7 4 5 2 6 0 
21 15 6 1 5 0 7 2 3 4 6 
21 15 6 1 5 7 0 2 3 6 4 
21 15 6 1 0 5 7 2 3 6 4 
20 16 4 1 3 5 7 2 0 6 4 
21 15 6 1 2 7 4 5 0 3 6 
21 13 8 1 3 7 6 2 0 4 5 
21 13 8 1 6 0 7 2 4 3 5 
20 14 6 1 6 3 7 2 4 0 5 
19 15 4 1 6 3 7 2 4 5 0 
21 10 11 6 5 3 7 4 2 0 1 
21 13 8 2 6 5 7 1 4 0 3 
21 13 8 1 6 4 5 2 3 0 7 
21 15 6 1 6 5 7 2 3 0 4 
21 13 8 5 2 7 4 6 1 0 3 
20 14 6 5 2 7 4 6 1 3 0 
21 10 11 4 3 7 0 5 2 6 1 
21 15 6 1 2 3 6 5 7 4 0 
21 11 10 3 6 4 7 5 2 1 0 
21 13 8 6 2 7 4 5 1 0 3 
20 14 6 6 2 7 4 5 1 3 0 
20 11 9 2 3 6 7 1 4 0 5 
19 14 5 2 3 6 7 1 4 5 0 
21 13 8 3 2 4 7 5 6 1 0 
21 13 8 3 2 0 4 5 6 1 7 
20 14 6 3 2 1 4 5 6 0 7 
19 15 4 3 2 1 4 5 6 7 0 
21 15 6 1 2 0 4 5 3 6 7 
21 15 6 1 4 3 7 2 6 0 5 
20 16 4 1 4 3 7 2 6 5 0 
21 15 6 1 0 3 7 2 4 6 5 
21 15 6 1 4 3 5 2 6 0 7 
21 15 6 1 0 3 5 2 4 6 7 
20 10 10 3 5 4 0 2 1 6 7 
21 13 8 3 5 4 7 2 1 0 6 
21 11 10 5 1 0 7 2 6 4 3 
21 15 6 1 3 4 5 2 6 7 0 
21 15 6 1 3 0 5 2 6 4 7 
20 16 4 1 3 5 0 2 6 4 7 
19 17 2 1 3 5 7 2 6 4 0 
21 11 10 6 5 1 0 2 3 4 7 
20 12 8 6 5 1 7 2 3 4 0 
21 9 12 4 2 3 0 7 5 1 6 
21 11 10 2 0 4 3 5 1 7 6 
21 11 10 2 5 4 0 6 1 7 3 
21 11 10 2 5 4 3 6 1 0 7 
21 11 10 1 5 4 3 2 7 0 6 
20 12 8 1 5 4 3 2 7 6 0 
21 11 10 1 0 4 3 2 5 7 6 
21 11 10 1 5 4 3 0 2 7 6 
19 13 6 1 5 4 3 6 2 7 0 
21 11 10 3 5 4 6 2 1 0 7 
21 13 8 3 5 0 7 2 1 4 6 
21 9 12 2 5 4 0 7 1 3 6 
21 9 12 2 4 0 6 1 5 3 7 
20 10 10 2 4 3 6 1 5 0 7 
19 11 8 2 4 3 6 1 5 7 0 
20 10 10 2 4 6 0 1 5 3 7 
19 11 8 2 4 6 7 1 5 3 0 
20 12 8 2 4 3 0 1 5 7 6 
21 13 8 2 5 3 0 6 1 7 4 
21 11 10 2 5 0 4 1 3 7 6 
21 13 8 2 5 4 7 1 3 0 6 
20 14 6 2 5 4 7 1 3 6 0 
21 13 8 2 3 0 6 1 4 5 7 
20 14 6 2 3 6 0 1 4 5 7 
19 15 4 2 3 6 7 1 4 5 0 
21 13 8 2 5 0 7 1 3 6 4 
21 13 8 1 2 4 0 7 5 3 6 
20 10 10 3 5 6 0 2 4 1 7 
21 13 8 5 2 3 7 6 1 0 4 
21 13 8 6 2 3 7 5 1 0 4 
21 13 8 5 2 3 6 1 7 4 0 
21 13 8 1 5 4 7 2 6 0 3 
20 14 6 1 5 4 7 2 6 3 0 
21 13 8 5 1 0 4 2 6 3 7 
20 14 6 5 1 3 4 2 6 0 7 
19 15 4 5 1 3 4 2 6 7 0 
21 11 10 2 4 0 3 1 5 7 6 
21 14 7 3 5 0 7 2 4 6 1 
21 13 8 3 0 5 7 2 4 1 6 
21 15 6 3 5 1 0 2 4 6 7 
21 13 8 3 2 4 0 1 5 7 6 
21 15 6 6 2 3 0 1 5 7 4 
21 8 13 0 4 6 2 5 1 3 7 
21 9 12 5 4 6 2 7 1 3 0 
21 10 11 5 4 0 2 1 3 6 7 
21 9 12 5 0 6 7 1 4 3 2 
21 11 10 5 4 6 0 1 3 2 7 
21 11 10 5 4 7 0 1 3 6 2 
21 13 8 1 4 7 3 2 0 6 5 
21 13 8 3 4 0 7 2 1 6 5 
21 13 8 1 0 6 7 2 3 4 5 
20 14 6 1 3 6 7 2 0 4 5 
21 10 11 0 5 4 7 2 1 3 6 
21 10 11 0 5 4 7 2 1 3 6 
21 11 10 5 4 1 7 6 2 3 0 
21 13 8 4 2 3 0 5 1 6 7 
21 8 13 0 2 3 6 5 4 1 7 
20 10 10 6 2 3 0 5 4 1 7 
21 11 10 2 3 1 0 5 4 7 6 
21 12 9 2 3 0 7 5 4 6 1 
21 8 13 0 4 3 6 2 5 1 7 
21 9 12 2 4 3 6 7 5 1 0 
21 11 10 2 4 3 7 6 5 1 0 
21 11 10 6 4 1 7 5 2 3 0 
21 13 8 1 4 7 5 2 0 6 3 
21 10 11 0 5 4 3 2 1 6 7 
20 12 8 3 5 4 0 2 1 6 7 
21 11 10 5 1 4 3 0 2 6 7 
21 13 8 5 1 4 0 2 6 7 3 
21 13 8 1 4 7 5 2 0 6 3 
21 13 8 1 4 5 6 2 7 3 0 
21 11 10 5 2 4 6 1 3 0 7 
20 12 8 5 2 4 6 1 3 7 0 
21 11 10 1 0 4 5 2 3 7 6 
20 12 8 1 3 4 5 2 0 7 6 
20 12 8 1 4 0 5 2 3 7 6 
19 13 6 1 4 7 5 2 3 0 6 
18 14 4 1 4 7 5 2 3 6 0 
19 13 6 1 4 5 0 2 3 7 6 
20 14 6 1 4 5 6 2 3 7 0 
21 11 10 5 1 3 6 2 7 4 0 
21 13 8 5 1 3 4 2 7 0 6 
20 14 6 5 1 3 4 2 7 6 0 
21 13 8 5 2 4 3 1 7 0 6 
20 14 6 5 2 4 3 1 7 6 0 
21 13 8 1 4 6 7 2 5 0 3 
21 13 8 1 4 3 0 2 5 7 6 
21 13 8 1 0 3 6 2 4 5 7 
21 11 10 1 5 4 6 7 2 3 0 
21 13 8 1 5 4 7 6 2 3 0 
21 13 8 1 5 0 4 6 2 3 7 
20 14 6 1 5 3 4 6 2 0 7 
19 15 4 1 5 3 4 6 2 7 0 
21 13 8 5 2 1 4 6 3 0 7 
20 14 6 5 2 1 4 6 3 7 0 
21 13 8 5 2 1 4 0 6 3 7 
21 12 9 0 6 1 4 5 2 3 7 
21 13 8 6 2 1 4 5 3 0 7 
20 14 6 6 2 1 4 5 3 7 0 
21 13 8 1 2 6 7 5 3 4 0 
21 15 6 1 2 3 6 5 7 4 0 
21 8 13 0 5 3 6 1 4 7 2 
19 11 8 2 5 3 6 1 4 7 0 
20 12 8 2 5 3 0 1 4 7 6 
20 12 8 2 5 3 6 1 4 0 7 
21 13 8 5 3 0 7 1 4 6 2 
21 13 8 5 3 2 7 1 4 0 6 
20 14 6 5 3 2 7 1 4 6 0 
21 12 9 5 3 0 2 1 4 6 7 
21 9 12 2 4 3 6 1 7 0 5 
20 10 10 2 4 3 6 1 7 5 0 
21 9 12 2 0 3 6 1 4 7 5 
20 10 10 2 3 0 6 1 4 7 5 
19 11 8 2 3 7 6 1 4 0 5 
18 12 6 2 3 7 6 1 4 5 0 
19 11 8 2 3 6 0 1 4 7 5 
18 12 6 2 3 6 5 1 4 7 0 
19 13 6 2 3 7 0 1 4 5 6 
19 13 6 2 3 6 5 1 4 0 7 
20 14 6 2 3 6 7 1 4 0 5 
20 14 6 2 3 0 7 1 4 5 6 
20 14 6 2 3 0 5 1 4 6 7 
19 15 4 2 3 5 0 1 4 6 7 
20 14 6 2 3 0 5 1 4 6 7 
21 9 12 4 1 3 6 2 7 0 5 
20 10 10 4 1 3 6 2 7 5 0 
21 10 11 5 3 0 2 1 4 7 6 
20 11 9 5 3 7 2 1 4 0 6 
19 12 7 5 3 7 2 1 4 6 0 
21 10 11 0 4 3 2 5 1 7 6 
21 11 10 2 0 6 7 1 4 3 5 
21 13 8 2 4 6 0 1 3 5 7 
21 13 8 2 4 7 0 1 3 6 5 
20 14 6 2 4 7 5 1 3 6 0 
21 13 8 4 1 6 0 2 3 5 7 
21 13 8 4 1 7 0 2 3 6 5 
20 14 6 4 1 7 5 2 3 6 0 
21 10 11 0 1 3 5 4 2 7 6 
21 13 8 4 1 3 6 5 2 7 0 
21 14 7 0 1 3 4 5 2 7 6 
21 13 8 2 3 4 5 1 6 0 7 
21 10 11 0 1 6 5 4 2 3 7 
21 12 9 0 4 1 5 2 3 6 7 
21 13 8 4 3 1 5 2 6 0 7 
21 15 6 3 1 6 5 2 4 7 0 
21 15 6 3 1 0 5 2 4 6 7 
20 16 4 3 1 5 0 2 4 6 7 
19 17 2 3 1 5 7 2 4 6 0 
21 10 11 0 3 6 7 4 2 1 5 
21 13 8 4 3 6 0 2 1 5 7 
21 13 8 2 1 3 6 5 7 0 4 
21 10 11 0 2 4 3 6 5 1 7 
21 11 10 6 2 4 3 7 5 1 0 
21 9 12 4 1 3 6 5 7 0 2 
20 10 10 4 1 3 6 5 7 2 0 
21 11 10 4 1 3 2 5 7 0 6 
20 12 8 4 1 3 2 5 7 6 0 
21 8 13 0 2 3 6 5 4 1 7 
21 9 12 5 2 3 6 7 4 1 0 
21 11 10 5 2 3 7 6 4 1 0 
21 11 10 4 5 3 0 2 1 7 6 
21 11 10 2 5 3 6 4 1 7 0 
21 11 10 1 2 3 5 0 4 7 6 
20 13 7 1 2 3 5 6 4 7 0 
20 14 6 1 2 3 0 5 4 7 6 
21 13 8 5 2 3 6 1 4 7 0 
21 11 10 1 2 6 5 0 4 3 7 
21 13 8 2 5 3 7 6 4 1 0 
21 11 10 5 3 6 4 7 2 1 0 
21 13 8 3 2 6 0 5 1 7 4 
21 13 8 3 6 1 0 5 2 7 4 
21 13 8 3 2 4 0 5 1 6 7 
21 13 8 2 3 0 4 5 1 6 7 
21 13 8 3 2 1 4 5 7 0 6 
20 14 6 3 2 1 4 5 7 6 0 
21 13 8 5 2 6 4 7 1 3 0 
21 13 8 5 2 6 4 1 3 0 7 
20 14 6 5 2 6 4 1 3 7 0 
21 13 8 2 1 6 4 5 3 0 7 
20 14 6 2 1 6 4 5 3 7 0 
21 13 8 2 6 4 0 5 1 3 7 
21 15 6 2 6 3 0 5 1 7 4 
21 11 10 5 6 4 3 7 2 1 0 
21 9 12 5 1 4 6 2 7 0 3 
20 10 10 5 1 4 6 2 7 3 0 
21 9 12 5 1 4 6 0 2 7 3 
21 10 11 0 5 6 3 2 4 1 7 
20 12 8 3 5 6 0 2 4 1 7 
21 9 12 5 2 4 3 0 7 1 6 
19 11 8 5 2 4 3 6 7 1 0 
21 11 10 5 2 4 0 7 1 6 3 
21 14 7 5 3 6 7 2 4 0 1 
21 10 11 0 4 1 3 5 6 2 7 
21 11 10 5 4 1 3 7 6 2 0 
21 10 11 6 2 3 7 4 5 1 0 
21 10 11 0 2 4 6 5 1 3 7 
20 12 8 6 2 4 0 5 1 3 7 
21 12 9 0 2 4 3 5 1 7 6 
21 10 11 0 2 4 6 5 1 3 7 
21 13 8 2 1 4 0 5 3 7 6 
21 14 7 0 1 3 4 5 6 2 7 
21 15 6 5 1 3 4 7 6 2 0 
21 11 10 5 7 3 6 2 4 1 0 
21 17 4 1 3 5 7 2 6 0 4 
21 11 10 4 3 7 1 5 2 6 0 
21 12 9 0 2 4 3 5 1 7 6 
21 11 10 2 4 3 6 1 0 5 7 
21 14 7 0 3 5 7 2 4 1 6 
21 11 10 1 4 6 2 5 0 3 7 
21 11 10 5 4 2 0 1 3 6 7 
20 12 8 5 4 2 7 1 3 6 0 
21 10 11 0 5 6 7 1 4 3 2 
19 13 6 2 5 6 7 1 4 3 0 
21 12 9 5 4 7 2 1 3 6 0 
21 13 8 1 5 4 7 2 0 3 6 
21 13 8 1 5 4 7 2 0 3 6 
21 11 10 6 2 3 7 5 4 1 0 
21 13 8 1 5 4 3 2 0 6 7 
21 12 9 0 1 4 3 5 2 6 7 
21 13 8 5 1 4 3 7 2 6 0 
21 13 8 5 2 4 0 1 3 7 6 
21 13 8 1 3 4 5 2 7 0 6 
20 14 6 1 3 4 5 2 7 6 0 
21 14 7 0 2 1 4 5 6 3 7 
21 15 6 5 2 1 4 7 6 3 0 
21 9 12 1 5 3 6 0 4 7 2 
17 11 6 1 5 3 6 2 4 7 0 
18 12 6 1 5 3 0 2 4 7 6 
18 12 6 1 5 3 6 2 4 0 7 
19 15 4 1 5 3 7 2 4 0 6 
18 16 2 1 5 3 7 2 4 6 0 
21 15 6 2 5 3 7 1 4 0 6 
20 16 4 2 5 3 7 1 4 6 0 
21 13 8 5 3 2 0 1 4 6 7 
21 11 10 2 4 3 0 1 7 5 6 
21 15 6 2 3 6 5 1 4 0 7 
21 11 10 4 1 3 0 2 7 5 6 
21 11 10 5 3 2 0 1 4 7 6 
21 13 8 5 3 7 0 1 4 6 2 
21 11 10 1 0 3 5 4 2 7 6 
20 12 8 1 3 0 5 4 2 7 6 
19 13 6 1 3 7 5 4 2 0 6 
18 14 4 1 3 7 5 4 2 6 0 
19 13 6 1 3 5 0 4 2 7 6 
20 14 6 1 3 5 6 4 2 7 0 
20 16 4 1 3 5 7 4 2 0 6 
19 17 2 1 3 5 7 4 2 6 0 
21 12 9 5 1 3 0 4 2 7 6 
21 14 7 2 3 4 5 1 6 7 0 
21 11 10 1 0 6 5 4 2 3 7 
21 11 10 4 1 3 0 5 7 2 6 
21 15 6 1 2 3 6 5 4 7 0 
21 11 10 5 1 4 0 2 7 3 6 
21 10 11 0 1 4 6 5 2 7 3 
20 12 8 6 1 4 0 5 2 7 3 
21 11 10 5 1 4 6 3 2 7 0 
21 10 11 0 2 4 3 5 7 1 6 
21 12 9 5 2 4 3 6 7 0 1 
21 13 8 6 2 4 7 5 1 3 0 
21 13 8 6 2 0 4 5 1 3 7 
21 15 6 1 0 3 4 5 6 2 7 
21 11 10 1 5 6 7 0 4 3 2 
17 13 4 1 5 6 7 2 4 3 0 
20 14 6 1 5 6 0 2 4 3 7 
20 14 6 1 5 6 7 2 4 0 3 
21 13 8 1 0 4 3 5 2 6 7 
20 14 6 1 2 4 3 5 0 6 7 
19 15 4 1 2 4 3 5 6 0 7 
18 16 2 1 2 4 3 5 6 7 0 
21 13 8 1 5 0 3 2 4 7 6 
20 14 6 1 5 7 3 2 4 0 6 
19 15 4 1 5 7 3 2 4 6 0 
21 13 8 1 5 0 6 2 4 3 7 
21 13 8 1 5 3 6 2 0 4 7 
21 17 4 1 5 3 0 2 4 6 7 
21 15 6 1 3 7 0 4 2 6 5 
21 15 6 1 3 5 6 4 2 0 7 
21 11 10 1 0 4 6 5 2 7 3 
20 12 8 1 2 4 6 5 0 7 3 
21 13 8 6 1 0 4 5 2 7 3 
21 13 8 6 2 4 3 5 7 1 0 
21 15 6 1 5 0 7 2 4 6 3 
21 17 4 1 2 4 0 5 6 7 3 
21 13 8 1 2 4 6 5 7 0 3 
20 14 6 1 2 4 6 5 7 3 0 
21 15 6 1 2 4 0 5 7 3 6 
22 10 12 5 4 3 7 0 1 6 2 
21 11 10 5 4 3 7 1 0 6 2 
22 8 14 6 4 3 5 0 2 1 7 
21 9 12 6 4 3 5 2 0 1 7 
22 9 13 0 4 3 7 6 2 1 5 
22 8 14 6 4 3 7 0 2 1 5 
21 9 12 6 4 3 7 2 0 1 5 
20 10 10 6 4 3 7 2 1 0 5 
19 11 8 6 4 3 7 2 1 5 0 
22 9 13 0 4 3 7 5 2 1 6 
22 10 12 5 1 0 6 2 3 7 4 
21 11 10 5 1 7 6 2 3 0 4 
20 12 8 5 1 7 6 2 3 4 0 
21 11 10 5 1 6 0 2 3 7 4 
22 10 12 5 4 1 3 0 2 7 6 
22 11 11 5 4 0 3 6 2 7 1 
22 10 12 4 2 0 6 5 1 7 3 
21 11 10 4 2 6 0 5 1 7 3 
22 12 10 2 4 3 7 5 1 0 6 
21 13 8 2 4 3 7 5 1 6 0 
22 11 11 6 4 0 3 5 2 7 1 
22 11 11 0 4 1 3 5 2 7 6 
22 12 10 5 1 0 3 2 7 6 4 
21 13 8 5 1 3 0 2 7 6 4 
22 14 8 5 1 3 4 0 2 7 6 
22 14 8 1 5 6 4 2 3 0 7 
22 14 8 1 2 0 6 5 3 7 4 
21 15 6 1 2 6 0 5 3 7 4 
22 16 6 1 2 0 3 5 7 6 4 
22 10 12 7 4 6 0 2 1 3 5 
22 10 12 5 3 6 7 0 2 1 4 
21 11 10 5 3 6 7 2 0 1 4 
20 12 8 5 3 6 7 2 1 0 4 
19 13 6 5 3 6 7 2 1 4 0 
21 13 8 5 3 0 7 2 1 6 4 
22 10 12 5 3 1 6 0 2 7 4 
21 13 8 5 3 1 0 6 2 7 4 
22 8 14 5 4 6 7 0 2 1 3 
20 10 10 5 4 6 7 3 2 1 0 
22 8 14 5 4 7 3 0 2 1 6 
20 10 10 5 4 7 3 6 2 1 0 
22 10 12 2 0 3 5 4 1 7 6 
21 11 10 2 1 3 5 4 0 7 6 
21 11 10 2 3 0 5 4 1 7 6 
20 12 8 2 3 7 5 4 1 0 6 
19 13 6 2 3 7 5 4 1 6 0 
20 12 8 2 3 5 0 4 1 7 6 
21 13 8 2 3 5 6 4 1 7 0 
21 15 6 2 3 5 7 4 1 0 6 
20 16 4 2 3 5 7 4 1 6 0 
22 13 9 0 3 7 5 2 1 6 4 
22 11 11 0 3 5 4 2 1 7 6 
22 10 12 6 4 3 0 2 1 7 5 
22 10 12 2 0 6 5 4 1 3 7 
21 11 10 2 1 6 5 4 0 3 7 
20 12 8 2 1 6 5 4 3 0 7 
21 13 8 2 1 6 5 4 3 7 0 
21 13 8 2 1 0 5 4 3 6 7 
20 14 6 2 1 5 0 4 3 6 7 
19 15 4 2 1 5 7 4 3 6 0 
22 14 8 2 4 5 6 1 3 0 7 
22 13 9 0 1 5 4 2 3 6 7 
22 14 8 4 1 5 6 2 3 0 7 
22 15 7 0 1 5 7 2 3 6 4 
22 10 12 7 4 6 0 2 1 3 5 
22 10 12 7 4 6 5 2 1 0 3 
22 11 11 0 4 7 5 2 1 3 6 
22 11 11 0 4 7 5 2 1 3 6 
22 15 7 5 3 0 7 2 4 6 1 
22 15 7 0 3 1 7 2 4 6 5 
22 12 10 5 2 4 3 0 1 7 6 
22 10 12 5 4 0 1 6 2 7 3 
22 11 11 5 4 0 3 6 2 7 1 
22 10 12 4 3 0 7 5 2 1 6 
22 8 14 4 0 2 6 5 1 3 7 
21 9 12 4 1 2 6 5 0 3 7 
22 10 12 4 0 2 3 5 1 7 6 
21 11 10 4 1 2 3 5 0 7 6 
22 8 14 7 4 0 3 5 2 1 6 
21 9 12 7 4 1 3 5 2 0 6 
20 10 10 7 4 1 3 5 2 6 0 
22 9 13 0 4 3 7 5 2 1 6 
22 10 12 7 4 3 1 5 2 0 6 
21 11 10 7 4 3 1 5 2 6 0 
22 10 12 6 4 0 1 5 2 7 3 
22 11 11 6 4 0 3 5 2 7 1 
22 14 8 1 0 7 5 2 3 4 6 
22 14 8 1 3 7 5 0 2 4 6 
22 10 12 6 5 4 3 2 1 0 7 
22 10 12 5 0 1 4 2 3 7 6 
21 11 10 5 3 1 4 2 0 7 6 
22 12 10 5 0 1 7 2 3 6 4 
21 13 8 5 3 1 7 2 0 6 4 
22 12 10 5 1 0 3 6 2 4 7 
21 13 8 5 1 3 0 6 2 4 7 
22 12 10 5 1 4 3 6 0 2 7 
22 12 10 5 1 4 3 7 2 0 6 
22 14 8 5 1 0 3 6 2 7 4 
22 12 10 1 5 0 4 2 3 7 6 
21 13 8 1 5 7 4 2 3 0 6 
20 14 6 1 5 7 4 2 3 6 0 
22 14 8 1 5 6 7 2 0 3 4 
22 14 8 6 1 0 3 5 2 7 4 
22 14 8 1 0 2 4 5 3 7 6 
21 15 6 1 3 2 4 5 0 7 6 
22 8 14 5 4 0 6 1 7 3 2 
21 9 12 5 4 6 0 1 7 3 2 
20 10 10 5 4 6 2 1 7 3 0 
22 10 12 1 4 3 6 0 2 7 5 
22 10 12 5 4 0 2 1 7 3 6 
21 11 10 5 4 2 0 1 7 3 6 
22 12 10 1 4 6 7 0 2 3 5 
22 16 6 1 4 0 7 2 3 5 6 
22 12 10 5 2 3 7 4 1 0 6 
21 13 8 5 2 3 7 4 1 6 0 
22 10 12 5 3 0 1 4 2 7 6 
21 11 10 5 3 7 1 4 2 0 6 
22 11 11 0 3 1 5 4 2 7 6 
22 11 11 5 0 3 7 4 2 6 1 
22 10 12 2 4 0 5 1 7 3 6 
21 11 10 2 4 5 0 1 7 3 6 
22 10 12 4 1 0 5 2 7 3 6 
21 11 10 4 1 5 0 2 7 3 6 
22 12 10 4 3 0 6 2 1 5 7 
22 12 10 4 3 5 6 2 0 1 7 
22 14 8 2 4 0 7 1 3 5 6 
22 14 8 2 4 5 7 1 0 3 6 
22 14 8 4 1 0 7 2 3 5 6 
22 14 8 4 1 5 7 2 0 3 6 
22 12 10 7 5 3 0 2 4 1 6 
22 13 9 0 3 7 5 2 4 1 6 
22 14 8 5 3 7 1 2 4 0 6 
21 15 6 5 3 7 1 2 4 6 0 
22 14 8 5 3 0 1 2 4 6 7 
22 15 7 0 3 1 5 2 4 6 7 
22 12 10 5 2 4 0 3 6 1 7 
22 9 13 4 3 6 7 5 0 2 1 
22 10 12 4 2 6 7 5 1 0 3 
22 14 8 1 0 3 6 5 2 7 4 
22 14 8 1 2 3 6 0 5 7 4 
21 12 9 5 2 0 4 1 7 3 6 
22 14 8 2 1 0 4 5 7 3 6 
22 14 8 1 6 3 0 2 4 7 5 
22 12 10 1 4 6 7 5 2 0 3 
22 10 12 1 0 3 6 5 4 7 2 
22 10 12 1 4 3 6 0 5 7 2 
21 13 8 1 4 3 0 6 5 7 2 
20 14 6 1 4 3 2 6 5 7 0 
22 10 12 5 4 0 3 1 7 2 6 
21 11 10 5 4 2 3 1 7 0 6 
20 12 8 5 4 2 3 1 7 6 0 
22 12 10 1 0 3 2 5 4 7 6 
22 12 10 1 4 3 2 0 5 7 6 
22 14 8 1 0 4 7 2 3 6 5 
21 15 6 1 3 4 7 2 0 6 5 
22 12 10 5 2 4 0 7 6 1 3 
22 14 8 6 3 1 4 5 2 0 7 
22 14 8 1 0 6 4 5 2 3 7 
20 12 8 1 6 0 4 5 2 3 7 
19 14 5 1 6 3 4 5 2 0 7 
18 15 3 1 6 3 4 5 2 7 0 
22 14 8 1 2 6 4 0 5 3 7 
22 8 14 5 4 7 6 2 0 1 3 
22 9 13 0 4 6 5 2 1 7 3 
20 12 8 3 4 6 5 2 1 7 0 
21 13 8 3 4 6 5 2 1 0 7 
22 12 10 2 4 3 7 0 1 6 5 
21 13 8 2 4 3 7 1 0 6 5 
22 12 10 4 0 3 7 2 1 6 5 
21 13 8 4 1 3 7 2 0 6 5 
22 8 14 6 4 3 5 0 2 1 7 
22 8 14 4 0 3 5 6 2 1 7 
21 9 12 4 3 0 5 6 2 1 7 
20 10 10 4 3 1 5 6 2 0 7 
20 10 10 4 3 5 0 6 2 1 7 
19 11 8 4 3 5 7 6 2 1 0 
21 11 10 4 3 1 5 6 2 7 0 
21 12 9 4 3 5 7 6 2 0 1 
22 10 12 2 4 3 5 6 0 1 7 
22 10 12 7 4 3 5 6 2 1 0 
22 9 13 0 4 3 7 5 2 1 6 
22 12 10 2 4 3 5 0 1 6 7 
21 13 8 2 4 3 5 1 0 6 7 
22 12 10 4 0 3 5 2 1 6 7 
21 13 8 4 1 3 5 2 0 6 7 
21 13 8 4 3 0 5 2 1 6 7 
19 12 7 7 4 3 5 2 1 6 0 
22 10 12 5 1 4 7 0 2 6 3 
20 12 8 5 1 4 7 3 2 6 0 
22 8 14 5 4 1 3 7 0 2 6 
22 10 12 5 4 1 3 0 2 6 7 
21 11 10 5 4 1 3 2 0 6 7 
22 9 13 0 4 3 7 5 2 1 6 
22 11 11 0 4 3 5 1 2 7 6 
21 13 8 5 4 3 0 1 2 7 6 
22 11 11 0 4 6 5 1 2 3 7 
22 13 9 0 1 4 5 2 3 6 7 
22 14 8 1 3 4 5 0 2 6 7 
22 10 12 5 3 1 6 0 2 4 7 
22 10 12 4 2 0 3 6 5 1 7 
21 11 10 4 2 1 3 6 5 0 7 
20 12 8 4 2 1 3 6 5 7 0 
22 12 10 4 2 3 1 6 5 0 7 
21 13 8 4 2 3 1 6 5 7 0 
22 15 7 0 1 3 4 5 2 7 6 
22 15 7 0 2 3 4 1 5 7 6 
22 12 10 2 4 6 3 5 1 0 7 
21 13 8 2 4 6 3 5 1 7 0 
22 10 12 3 5 0 4 2 1 7 6 
21 11 10 3 5 7 4 2 1 0 6 
20 12 8 3 5 7 4 2 1 6 0 
21 13 8 3 5 7 0 2 1 6 4 
22 12 10 2 1 3 5 0 4 7 6 
22 14 8 6 1 3 5 2 4 7 0 
22 12 10 2 1 6 5 0 4 3 7 
22 14 8 7 1 6 5 2 4 3 0 
22 14 8 2 5 0 7 1 3 4 6 
22 10 12 4 3 6 5 0 2 1 7 
22 10 12 3 0 6 5 4 2 1 7 
22 12 10 2 3 6 5 4 0 1 7 
21 13 8 2 3 6 5 4 1 0 7 
22 12 10 7 3 6 5 4 2 1 0 
22 10 12 4 6 3 5 2 0 1 7 
22 12 10 4 6 5 3 2 1 0 7 
22 12 10 4 2 7 0 5 1 6 3 
22 10 12 6 5 3 4 2 0 1 7 
22 12 10 5 1 3 4 7 0 2 6 
22 14 8 5 1 3 4 0 2 6 7 
22 16 6 1 5 4 0 2 3 6 7 
22 14 8 1 4 7 0 5 2 6 3 
22 16 6 1 2 7 0 5 3 6 4 
22 12 10 1 4 3 6 2 7 0 5 
22 11 11 0 1 3 6 2 4 7 5 
22 16 6 1 0 3 7 2 4 5 6 
22 13 9 0 1 6 7 2 4 3 5 
22 12 10 5 0 3 6 1 2 7 4 
22 12 10 5 2 3 6 0 1 7 4 
22 14 8 5 2 0 3 6 1 7 4 
22 12 10 2 6 3 5 1 0 4 7 
22 14 8 2 6 5 3 1 4 0 7 
22 13 9 5 3 7 6 2 4 0 1 
22 14 8 1 4 3 0 5 7 6 2 
22 10 12 2 5 4 7 0 1 6 3 
20 12 8 2 5 4 7 3 1 6 0 
21 11 10 2 5 4 7 1 0 6 3 
22 10 12 2 5 1 6 0 3 4 7 
22 12 10 3 5 1 6 2 0 4 7 
21 13 8 3 5 1 6 2 4 0 7 
22 12 10 7 5 1 6 2 3 4 0 
22 9 13 4 2 3 6 7 5 0 1 
22 11 11 4 2 3 7 6 5 0 1 
22 12 10 6 2 3 4 0 5 1 7 
21 13 8 6 2 3 4 5 0 1 7 
22 12 10 2 0 3 4 6 5 1 7 
22 14 8 5 2 3 4 6 0 1 7 
22 14 8 7 2 3 4 6 5 1 0 
22 12 10 2 5 3 4 6 0 1 7 
22 11 11 0 2 5 6 1 3 4 7 
22 12 10 2 3 5 6 0 1 4 7 
22 16 6 1 2 3 4 6 0 5 7 
22 10 12 2 5 6 7 0 4 1 3 
20 12 8 2 5 6 7 3 4 1 0 
22 10 12 2 5 7 3 0 4 1 6 
22 12 10 6 5 7 3 2 4 1 0 
22 14 8 3 5 7 1 2 4 0 6 
21 15 6 3 5 7 1 2 4 6 0 
22 12 10 2 5 4 0 1 7 6 3 
22 12 10 7 2 4 6 1 5 3 0 
22 14 8 6 2 4 3 1 5 0 7 
22 13 9 3 5 7 6 2 4 0 1 
22 14 8 3 5 1 7 2 0 4 6 
22 14 8 6 2 3 4 1 0 5 7 
22 9 13 5 0 6 2 1 4 3 7 
22 14 8 3 4 7 5 2 1 0 6 
22 8 14 7 4 3 5 0 2 1 6 
21 9 12 7 4 3 5 2 0 1 6 
20 10 10 7 4 3 5 2 1 0 6 
19 11 8 7 4 3 5 2 1 6 0 
22 12 10 5 1 0 4 2 3 6 7 
22 12 10 5 1 6 4 2 0 3 7 
22 10 12 5 0 4 1 6 2 3 7 
21 11 10 5 2 4 1 6 0 3 7 
22 10 12 5 4 3 1 0 6 2 7 
20 12 8 5 4 3 0 1 6 2 7 
22 10 12 2 3 1 6 5 0 4 7 
22 12 10 2 3 6 1 5 4 0 7 
22 12 10 2 3 6 5 0 4 1 7 
22 12 10 2 3 6 7 0 4 1 5 
22 10 12 6 0 4 1 5 2 3 7 
21 11 10 6 2 4 1 5 0 3 7 
22 7 15 5 0 4 6 7 2 3 1 
21 8 13 5 2 4 6 7 0 3 1 
22 7 15 5 4 3 6 0 7 2 1 
21 10 11 5 4 3 0 6 7 2 1 
21 11 10 5 4 3 1 6 7 2 0 
22 9 13 5 0 4 7 6 2 3 1 
21 10 11 5 2 4 7 6 0 3 1 
22 9 13 5 0 3 7 6 4 2 1 
21 10 11 5 3 0 7 6 4 2 1 
22 9 13 5 4 3 7 0 6 2 1 
19 11 8 5 4 3 7 1 6 2 0 
20 12 8 5 4 3 0 1 6 2 7 
22 9 13 6 0 4 7 5 2 3 1 
21 10 11 6 2 4 7 5 0 3 1 
22 12 10 5 1 0 3 2 6 4 7 
21 13 8 5 1 3 0 2 6 4 7 
20 14 6 5 1 3 7 2 6 4 0 
22 16 6 1 4 7 0 2 3 5 6 
22 16 6 1 0 5 7 2 4 3 6 
22 10 12 5 4 0 6 1 2 3 7 
21 11 10 5 4 3 6 1 2 0 7 
20 12 8 5 4 3 6 1 2 7 0 
21 11 10 5 4 6 0 1 2 3 7 
20 12 8 5 4 6 7 1 2 3 0 
22 12 10 5 4 0 3 1 2 7 6 
22 12 10 5 1 0 4 3 2 7 6 
22 14 8 5 1 7 3 6 2 0 4 
22 14 8 1 4 6 3 2 5 0 7 
22 16 6 1 5 7 0 2 3 4 6 
22 16 6 1 0 5 7 2 3 4 6 
22 10 12 5 3 7 6 1 0 4 2 
22 11 11 0 3 6 5 1 4 7 2 
22 13 9 0 3 7 5 1 4 2 6 
22 14 8 5 3 6 0 1 4 2 7 
22 10 12 5 4 7 3 6 1 0 2 
21 11 10 5 4 7 3 6 1 2 0 
22 10 12 5 0 4 3 6 1 7 2 
21 11 10 5 1 4 3 6 0 7 2 
22 10 12 4 3 7 6 2 0 1 5 
22 10 12 0 5 3 2 1 4 7 6 
22 10 12 4 6 0 7 2 1 3 5 
21 11 10 4 6 3 7 2 1 0 5 
20 12 8 4 6 3 7 2 1 5 0 
22 12 10 5 3 7 0 4 2 1 6 
22 11 11 5 3 6 7 0 4 2 1 
22 12 10 4 1 3 0 6 2 7 5 
22 12 10 4 1 3 5 6 2 0 7 
22 11 11 4 1 6 5 7 2 3 0 
22 12 10 4 1 6 0 5 2 3 7 
22 12 10 2 1 6 5 3 0 4 7 
21 13 8 2 1 6 5 3 4 0 7 
22 13 9 2 1 6 5 7 3 4 0 
22 10 12 3 5 4 0 6 2 1 7 
21 11 10 3 5 4 7 6 2 1 0 
22 14 8 5 2 7 3 6 1 0 4 
22 8 14 4 3 1 6 0 5 2 7 
22 10 12 4 3 0 1 5 2 6 7 
21 11 10 4 3 1 0 5 2 6 7 
22 11 11 4 3 6 0 5 2 7 1 
22 11 11 4 3 6 5 7 2 1 0 
22 10 12 4 3 7 1 5 2 0 6 
22 10 12 4 0 3 1 5 2 7 6 
21 11 10 4 2 3 1 5 0 7 6 
22 12 10 4 2 0 3 5 1 6 7 
22 12 10 2 3 0 6 5 1 7 4 
21 13 8 2 3 6 0 5 1 7 4 
22 14 8 6 2 7 3 5 1 0 4 
22 14 8 5 3 0 4 1 2 7 6 
22 16 6 2 1 3 0 6 5 7 4 
22 16 6 2 1 3 4 6 5 0 7 
22 14 8 6 2 7 3 5 1 0 4 
22 14 8 1 0 3 5 2 6 4 7 
22 16 6 1 6 5 3 2 4 7 0 
22 10 12 6 5 0 7 2 1 4 3 
22 14 8 6 1 5 0 2 3 4 7 
21 15 6 6 1 5 7 2 3 4 0 
22 15 7 1 3 5 6 7 2 4 0 
22 16 6 1 3 5 0 6 2 4 7 
21 17 4 1 3 5 7 6 2 4 0 
22 14 8 1 4 0 3 5 2 6 7 
21 15 6 1 4 3 0 5 2 6 7 
22 8 14 4 3 0 6 5 1 7 2 
21 9 12 4 3 6 0 5 1 7 2 
20 10 10 4 3 6 2 5 1 7 0 
22 10 12 6 4 7 3 5 1 0 2 
21 11 10 6 4 7 3 5 1 2 0 
22 10 12 6 0 4 3 5 1 7 2 
21 11 10 6 1 4 3 5 0 7 2 
22 10 12 4 3 0 2 5 1 7 6 
21 11 10 4 3 2 0 5 1 7 6 
22 12 10 5 2 6 4 0 1 3 7 
22 11 11 5 2 7 3 4 1 0 6 
21 12 9 5 2 7 3 4 1 6 0 
22 9 13 4 5 3 6 7 2 1 0 
22 10 12 4 5 3 0 6 2 1 7 
21 11 10 4 5 3 7 6 2 1 0 
22 10 12 4 5 0 6 2 1 3 7 
21 11 10 4 5 6 0 2 1 3 7 
20 12 8 4 5 6 7 2 1 3 0 
22 10 12 2 5 3 6 0 4 1 7 
22 10 12 7 5 3 0 4 2 1 6 
22 13 9 6 2 3 5 1 4 7 0 
22 12 10 5 2 6 0 1 4 3 7 
21 13 8 5 2 6 7 1 4 3 0 
22 15 7 1 3 6 5 7 2 4 0 
22 12 10 2 5 3 7 4 0 1 6 
21 13 8 2 5 3 7 4 1 0 6 
20 14 6 2 5 3 7 4 1 6 0 
22 10 12 5 3 6 4 2 0 1 7 
21 11 10 5 3 6 4 2 1 0 7 
20 12 8 5 3 6 4 2 1 7 0 
22 12 10 3 6 1 4 5 0 2 7 
22 14 8 5 3 1 4 6 2 0 7 
22 14 8 2 3 1 4 5 7 0 6 
21 15 6 2 3 1 4 5 7 6 0 
22 14 8 2 6 3 4 5 0 1 7 
22 10 12 5 6 4 3 2 0 1 7 
21 11 10 5 6 4 3 2 1 0 7 
20 12 8 5 6 4 3 2 1 7 0 
22 12 10 2 0 4 3 5 6 1 7 
22 14 8 2 6 4 0 5 1 7 3 
22 12 10 2 4 0 3 5 6 1 7 
21 13 8 2 4 1 3 5 6 0 7 
20 14 6 2 4 1 3 5 6 7 0 
21 13 8 2 4 3 0 5 6 1 7 
22 10 12 5 6 0 3 2 4 1 7 
21 11 10 5 6 1 3 2 4 0 7 
21 11 10 5 6 3 0 2 4 1 7 
20 12 8 5 6 3 7 2 4 1 0 
22 10 12 5 2 0 3 7 1 4 6 
21 11 10 5 2 3 0 7 1 4 6 
22 12 10 5 2 4 3 0 1 6 7 
21 13 8 5 2 4 3 1 0 6 7 
20 14 6 5 2 4 3 1 6 0 7 
19 15 4 5 2 4 3 1 6 7 0 
22 8 14 2 0 3 6 4 5 1 7 
21 9 12 2 3 0 6 4 5 1 7 
20 10 10 2 3 1 6 4 5 0 7 
20 10 10 2 3 6 0 4 5 1 7 
19 11 8 2 3 6 7 4 5 1 0 
21 11 10 2 3 1 6 4 5 7 0 
21 11 10 2 3 1 6 4 0 5 7 
21 12 9 2 3 6 7 4 5 0 1 
22 12 10 6 2 3 4 0 5 1 7 
22 16 6 1 3 7 4 5 2 0 6 
19 11 8 1 3 7 4 5 2 6 0 
22 16 6 1 3 4 0 5 2 7 6 
22 14 8 5 1 3 6 2 4 7 0 
22 16 6 5 1 3 7 2 4 0 6 
19 14 5 5 1 3 7 2 4 6 0 
22 11 11 0 5 4 7 2 1 3 6 
22 12 10 5 1 6 4 2 7 0 3 
21 13 8 5 1 6 4 2 7 3 0 
22 12 10 7 1 0 4 5 2 3 6 
21 13 8 7 1 3 4 5 2 0 6 
20 14 6 7 1 3 4 5 2 6 0 
22 16 6 1 2 0 4 6 5 7 3 
22 16 6 1 2 6 4 5 7 0 3 
21 17 4 1 2 6 4 5 7 3 0 
22 11 11 5 3 1 6 7 4 2 0 
22 12 10 5 3 1 0 6 4 2 7 
21 13 8 5 3 1 7 6 4 2 0 
22 10 12 5 6 7 0 2 4 1 3 
21 11 10 5 6 7 3 2 4 1 0 
22 12 10 5 6 1 0 2 4 3 7 
22 12 10 5 7 1 0 2 4 6 3 
22 14 8 2 3 4 6 5 1 7 0 
22 12 10 5 1 7 4 0 2 3 6 
22 14 8 5 1 7 6 2 3 4 0 
22 16 6 1 5 7 0 2 3 4 6 
22 16 6 1 0 5 7 2 3 4 6 
22 16 6 1 5 0 7 2 3 6 4 
22 14 8 1 6 7 0 2 4 3 5 
21 15 6 1 6 7 5 2 4 3 0 
22 16 6 1 6 3 0 2 4 5 7 
22 14 8 1 6 4 5 2 3 7 0 
22 12 10 0 3 7 4 5 2 6 1 
19 15 4 1 3 7 4 5 2 6 0 
22 16 6 1 2 3 6 5 7 0 4 
22 16 6 3 2 1 0 5 6 7 4 
22 16 6 1 2 4 0 5 3 6 7 
22 16 6 1 4 3 5 2 6 7 0 
22 14 8 3 5 0 7 2 1 4 6 
22 12 10 5 1 7 0 2 6 4 3 
21 13 8 5 1 7 3 2 6 4 0 
22 18 4 1 3 5 7 2 6 0 4 
22 11 11 0 2 3 4 7 5 1 6 
22 12 10 2 5 0 4 6 1 7 3 
22 12 10 1 5 0 3 2 7 4 6 
21 13 8 1 5 3 0 2 7 4 6 
22 12 10 1 4 0 3 2 5 7 6 
21 13 8 1 4 7 3 2 5 0 6 
20 14 6 1 4 7 3 2 5 6 0 
22 14 8 1 5 4 0 6 2 7 3 
22 14 8 1 5 4 3 6 2 0 7 
22 12 10 3 5 0 6 2 1 4 7 
21 13 8 3 5 6 0 2 1 4 7 
20 14 6 3 5 6 7 2 1 4 0 
22 14 8 3 5 7 0 2 1 4 6 
22 14 8 3 0 5 7 2 1 4 6 
21 15 6 3 1 5 7 2 0 4 6 
20 16 4 3 1 5 7 2 4 0 6 
22 10 12 2 5 0 4 7 1 3 6 
21 11 10 2 5 3 4 7 1 0 6 
20 12 8 2 5 3 4 7 1 6 0 
22 12 10 2 4 6 7 1 5 0 3 
22 12 10 2 5 7 4 1 3 0 6 
21 13 8 2 5 7 4 1 3 6 0 
22 14 8 2 5 0 7 1 3 4 6 
22 14 8 2 5 7 0 1 3 6 4 
22 14 8 2 0 5 7 1 3 6 4 
21 15 6 2 3 5 7 1 0 6 4 
22 14 8 1 2 0 4 7 5 3 6 
21 15 6 1 2 3 4 7 5 0 6 
20 16 4 1 2 3 4 7 5 6 0 
22 14 8 5 2 3 0 1 7 4 6 
22 14 8 1 5 0 7 2 6 4 3 
22 16 6 5 1 3 0 2 6 7 4 
22 12 10 2 4 7 3 1 5 0 6 
21 13 8 2 4 7 3 1 5 6 0 
22 15 7 3 5 7 0 2 4 6 1 
22 15 7 3 0 5 7 2 4 6 1 
22 14 8 3 4 5 7 2 0 1 6 
21 15 6 3 4 5 7 2 1 0 6 
20 16 4 3 4 5 7 2 1 6 0 
22 14 8 3 2 4 6 1 5 7 0 
22 14 8 3 2 0 4 1 5 7 6 
22 10 12 5 6 0 7 1 4 3 2 
21 11 10 5 6 3 7 1 4 0 2 
20 12 8 5 6 3 7 1 4 2 0 
22 14 8 1 4 7 3 2 6 0 5 
21 15 6 1 4 7 3 2 6 5 0 
22 14 8 1 0 7 3 2 4 6 5 
22 14 8 3 4 6 7 2 1 0 5 
21 15 6 3 4 6 7 2 1 5 0 
22 14 8 1 6 0 7 2 3 4 5 
22 15 7 0 2 3 4 5 1 6 7 
22 14 8 2 3 1 7 5 4 0 6 
21 15 6 2 3 1 7 5 4 6 0 
22 13 9 2 3 7 0 5 4 6 1 
22 10 12 6 4 3 0 2 5 1 7 
21 11 10 6 4 3 7 2 5 1 0 
22 10 12 2 4 3 0 7 5 1 6 
22 14 8 1 4 7 5 2 6 0 3 
21 15 6 1 4 7 5 2 6 3 0 
22 14 8 1 0 7 5 2 4 6 3 
22 14 8 5 1 0 4 2 6 7 3 
22 14 8 1 4 7 5 2 6 0 3 
22 14 8 1 0 7 5 2 4 6 3 
22 14 8 1 4 7 5 2 0 3 6 
22 12 10 5 1 3 6 2 7 0 4 
22 14 8 5 1 3 4 2 0 7 6 
22 14 8 1 4 0 7 2 5 6 3 
22 14 8 1 4 6 7 2 0 5 3 
22 16 6 1 4 3 7 2 5 0 6 
21 17 4 1 4 3 7 2 5 6 0 
22 12 10 1 5 4 0 7 2 3 6 
22 16 6 1 5 3 0 6 2 7 4 
22 14 8 1 2 6 7 5 3 0 4 
22 10 12 6 5 3 0 1 4 7 2 
21 11 10 6 5 3 2 1 4 7 0 
22 14 8 5 3 0 7 1 4 2 6 
22 12 10 2 3 7 6 1 0 4 5 
22 14 8 2 3 6 5 1 0 4 7 
22 12 10 2 6 0 7 1 4 3 5 
21 13 8 2 6 3 7 1 4 0 5 
20 14 6 2 6 3 7 1 4 5 0 
22 14 8 2 3 0 5 1 6 4 7 
21 15 6 2 3 5 0 1 6 4 7 
20 16 4 2 3 5 7 1 6 4 0 
22 12 10 5 1 6 0 4 2 3 7 
21 13 8 5 1 6 7 4 2 3 0 
22 14 8 5 4 1 0 2 3 6 7 
21 15 6 5 4 1 7 2 3 6 0 
22 14 8 4 3 1 5 2 6 7 0 
22 14 8 2 1 3 6 5 7 4 0 
22 12 10 3 2 4 0 6 5 1 7 
22 10 12 5 2 3 0 7 4 1 6 
22 14 8 4 5 3 7 2 1 0 6 
21 15 6 4 5 3 7 2 1 6 0 
22 12 10 2 5 3 0 4 1 7 6 
22 12 10 1 2 3 5 4 0 7 6 
22 14 8 1 2 3 0 6 4 7 5 
22 14 8 1 2 3 5 6 4 0 7 
22 12 10 1 2 6 5 4 0 3 7 
21 13 8 1 2 6 5 4 3 0 7 
22 13 9 1 2 6 5 7 4 3 0 
22 14 8 1 2 6 0 5 4 3 7 
22 14 8 3 2 4 7 5 1 6 0 
22 14 8 2 3 4 0 5 1 6 7 
22 14 8 2 0 3 4 5 1 6 7 
21 15 6 2 1 3 4 5 0 6 7 
20 16 4 2 1 3 4 5 6 0 7 
19 17 2 2 1 3 4 5 6 7 0 
22 14 8 5 2 0 4 1 3 6 7 
22 14 8 2 1 0 4 5 3 6 7 
22 14 8 2 6 4 7 5 1 3 0 
22 12 10 5 2 4 0 6 7 1 3 
22 12 10 5 2 0 4 7 1 6 3 
22 15 7 5 3 0 7 2 4 6 1 
22 12 10 3 4 1 0 5 6 2 7 
22 14 8 3 2 4 0 5 1 7 6 
22 14 8 2 1 0 4 5 3 7 6 
22 14 8 3 2 4 0 5 1 7 6 
22 12 10 2 0 3 6 1 4 5 7 
22 12 10 1 4 6 2 5 3 0 7 
21 13 8 1 4 6 2 5 3 7 0 
20 10 10 2 5 6 0 1 4 3 7 
22 14 8 2 5 6 7 1 4 0 3 
22 14 8 1 5 4 3 2 6 0 7 
21 15 6 1 5 4 3 2 6 7 0 
22 14 8 3 1 4 0 5 2 6 7 
22 14 8 5 2 0 4 1 3 7 6 
22 14 8 1 3 0 5 2 7 4 6 
21 15 6 1 3 5 0 2 7 4 6 
22 10 12 1 5 3 6 4 0 7 2 
22 12 10 1 5 3 0 6 4 7 2 
21 13 8 1 5 3 2 6 4 7 0 
22 16 6 1 5 0 7 2 4 3 6 
22 16 6 1 5 3 7 2 0 4 6 
22 12 10 5 3 2 6 1 4 7 0 
22 12 10 1 2 3 5 4 0 7 6 
22 14 8 1 3 7 5 4 0 2 6 
22 18 4 1 3 5 0 4 2 6 7 
22 13 9 5 1 3 6 4 2 7 0 
22 12 10 1 2 6 5 4 0 3 7 
22 12 10 1 6 0 5 4 2 3 7 
21 13 8 1 6 3 5 4 2 0 7 
21 13 8 1 6 5 0 4 2 3 7 
20 14 6 1 6 5 7 4 2 3 0 
22 13 9 0 1 3 4 5 7 2 6 
22 12 10 5 1 0 4 2 7 3 6 
22 12 10 3 2 4 0 5 7 1 6 
22 13 9 5 2 4 3 6 0 7 1 
22 16 6 1 6 3 4 5 0 2 7 
22 16 6 1 3 0 4 5 6 2 7 
21 17 4 1 3 2 4 5 6 0 7 
20 18 2 1 3 2 4 5 6 7 0 
22 12 10 1 5 6 7 4 0 3 2 
21 13 8 1 5 6 7 4 3 0 2 
20 14 6 1 5 6 7 4 3 2 0 
22 16 6 1 5 0 7 2 4 3 6 
22 14 8 1 4 0 3 5 2 6 7 
22 16 6 1 2 0 3 5 6 4 7 
21 17 4 1 2 3 0 5 6 4 7 
22 14 8 1 0 5 3 2 4 7 6 
22 16 6 1 5 7 0 2 4 6 3 
22 14 8 1 0 5 6 2 4 3 7 
22 16 6 1 3 0 7 4 2 6 5 
22 12 10 1 4 0 6 5 2 7 3 
21 13 8 1 4 6 0 5 2 7 3 
22 14 8 6 1 7 4 5 2 0 3 
21 15 6 6 1 7 4 5 2 3 0 
22 16 6 1 5 7 0 2 4 6 3 
22 16 6 1 0 5 7 2 4 6 3 
22 18 4 1 2 0 4 5 6 7 3 
22 12 10 5 4 3 7 1 6 0 2 
22 12 10 5 0 3 7 1 4 6 2 
22 10 12 6 0 3 5 2 4 1 7 
21 11 10 6 3 0 5 2 4 1 7 
20 12 8 6 3 1 5 2 4 0 7 
20 12 8 6 3 5 0 2 4 1 7 
19 13 6 6 3 5 7 2 4 1 0 
21 13 8 6 3 1 5 2 4 7 0 
21 14 7 6 3 5 7 2 4 0 1 
22 10 12 6 0 3 7 2 4 1 5 
21 11 10 6 3 0 7 2 4 1 5 
20 12 8 6 3 1 7 2 4 0 5 
19 13 6 6 3 1 7 2 4 5 0 
22 12 10 6 4 3 0 2 1 5 7 
22 11 11 0 4 1 3 5 2 7 6 
22 13 9 0 2 6 4 5 1 7 3 
22 14 8 2 4 3 0 5 1 6 7 
22 14 8 5 3 6 0 2 1 4 7 
22 14 8 5 3 7 0 2 1 6 4 
22 11 11 5 4 6 7 3 2 0 1 
22 9 13 0 4 7 3 5 2 1 6 
22 11 11 5 4 7 3 6 2 0 1 
22 12 10 2 1 3 5 4 7 0 6 
21 13 8 2 1 3 5 4 7 6 0 
22 12 10 2 1 3 5 0 4 7 6 
22 14 8 2 3 7 0 4 1 6 5 
22 14 8 2 3 5 6 4 1 0 7 
22 16 6 1 3 7 5 2 0 6 4 
22 14 8 1 3 5 4 2 0 7 6 
22 12 10 2 1 6 5 0 4 3 7 
22 16 6 2 1 5 7 4 3 0 6 
22 14 8 1 0 5 4 2 3 6 7 
21 15 6 1 3 5 4 2 0 6 7 
22 14 8 1 4 7 5 2 0 3 6 
22 14 8 1 4 7 5 2 0 3 6 
22 9 13 0 4 2 6 5 1 3 7 
21 11 10 6 4 2 0 5 1 3 7 
22 10 12 4 1 2 6 5 3 0 7 
21 11 10 4 1 2 6 5 3 7 0 
22 11 11 0 4 2 3 5 1 7 6 
22 12 10 4 1 2 3 5 7 0 6 
21 13 8 4 1 2 3 5 7 6 0 
22 16 6 1 3 7 5 6 2 4 0 
22 12 10 5 3 1 4 2 7 0 6 
21 13 8 5 3 1 4 2 7 6 0 
22 13 9 0 5 1 7 2 3 6 4 
22 14 8 5 3 1 7 2 6 0 4 
21 15 6 5 3 1 7 2 6 4 0 
22 14 8 5 1 3 7 6 2 4 0 
22 16 6 1 3 2 4 5 7 0 6 
21 17 4 1 3 2 4 5 7 6 0 
22 12 10 5 4 2 6 1 7 3 0 
22 12 10 0 5 3 7 4 2 6 1 
19 15 4 1 5 3 7 4 2 6 0 
22 12 10 2 4 5 6 1 7 3 0 
22 12 10 4 1 5 6 2 7 3 0 
22 12 10 5 4 2 3 1 0 7 6 
22 16 6 1 3 4 7 2 6 0 5 
21 17 4 1 3 4 7 2 6 5 0 
19 11 8 1 6 4 0 5 2 3 7 
21 16 5 1 6 3 0 5 2 7 4 
22 16 6 1 2 6 4 7 5 3 0 
22 12 10 1 4 6 5 2 0 7 3 
22 14 8 3 4 0 5 2 1 6 7 
21 15 6 3 4 5 0 2 1 6 7 
22 14 8 2 4 3 7 1 6 0 5 
21 15 6 2 4 3 7 1 6 5 0 
22 14 8 2 0 3 7 1 4 6 5 
22 14 8 4 1 3 7 2 6 0 5 
21 15 6 4 1 3 7 2 6 5 0 
22 9 13 4 2 3 5 6 0 1 7 
21 10 11 4 2 3 5 6 1 0 7 
20 11 9 4 2 3 5 6 1 7 0 
22 14 8 2 4 3 5 1 6 0 7 
22 14 8 2 0 3 5 1 4 6 7 
22 14 8 4 1 3 5 2 6 0 7 
22 11 11 0 1 4 7 5 2 6 3 
22 11 11 0 4 1 3 5 2 6 7 
22 12 10 5 4 1 3 2 6 0 7 
21 13 8 5 4 1 3 2 6 7 0 
22 12 10 5 0 1 3 2 4 6 7 
21 13 8 5 1 0 3 2 4 6 7 
20 14 6 5 1 3 0 2 4 6 7 
19 15 4 5 1 3 7 2 4 6 0 
22 12 10 1 4 3 5 0 2 7 6 
22 12 10 1 4 6 5 0 2 3 7 
22 14 8 3 5 0 7 2 1 6 4 
22 14 8 2 1 3 5 6 4 7 0 
22 14 8 2 3 6 5 4 1 7 0 
22 14 8 2 3 0 5 4 1 6 7 
21 15 6 2 3 5 0 4 1 6 7 
22 15 7 0 1 3 4 5 2 6 7 
22 14 8 5 1 3 6 2 4 7 0 
22 12 10 2 5 4 7 1 6 0 3 
21 13 8 2 5 4 7 1 6 3 0 
22 14 8 3 5 1 6 2 4 7 0 
22 14 8 6 2 3 4 7 5 1 0 
22 12 10 1 2 5 6 0 3 4 7 
22 13 9 0 3 5 6 2 1 4 7 
22 13 9 2 5 6 7 3 4 0 1 
22 12 10 2 5 7 3 6 4 1 0 
22 10 12 5 6 0 2 1 4 3 7 
21 11 10 5 6 3 2 1 4 0 7 
20 12 8 5 6 3 2 1 4 7 0 
21 11 10 5 6 2 0 1 4 3 7 
22 10 12 0 5 6 2 1 4 3 7 
20 12 8 2 5 6 0 1 4 3 7 
22 10 12 7 0 3 5 2 4 1 6 
21 11 10 7 3 0 5 2 4 1 6 
20 12 8 7 3 1 5 2 4 0 6 
19 13 6 7 3 1 5 2 4 6 0 
20 12 8 7 3 5 0 2 4 1 6 
21 13 8 7 3 5 6 2 4 1 0 
22 12 10 7 4 3 0 2 1 6 5 
22 12 10 5 2 4 1 6 3 0 7 
21 13 8 5 2 4 1 6 3 7 0 
22 12 10 5 2 4 1 0 6 3 7 
20 14 6 5 2 4 0 1 6 3 7 
22 11 11 0 4 3 1 5 6 2 7 
19 13 6 1 4 3 0 5 6 2 7 
19 10 9 1 4 3 7 5 6 2 0 
22 12 10 5 4 3 1 7 6 2 0 
22 13 9 0 3 6 5 2 4 1 7 
22 13 9 0 3 6 7 2 4 1 5 
22 11 11 0 6 4 1 5 2 3 7 
19 13 6 1 6 4 0 5 2 3 7 
19 10 9 1 6 4 7 5 2 3 0 
20 14 6 1 6 0 4 5 2 3 7 
19 15 4 1 6 3 4 5 2 0 7 
18 16 2 1 6 3 4 5 2 7 0 
21 17 4 1 6 3 0 5 2 7 4 
22 12 10 6 2 4 1 5 3 0 7 
21 13 8 6 2 4 1 5 3 7 0 
22 9 13 5 2 4 6 7 3 0 1 
22 9 13 5 2 4 6 0 7 3 1 
19 11 8 5 2 4 6 1 7 3 0 
20 12 8 5 2 4 0 1 7 3 6 
21 12 9 5 2 4 0 6 7 3 1 
21 13 8 5 2 0 4 1 7 3 6 
21 13 8 5 2 4 1 6 7 3 0 
22 8 14 0 4 3 6 5 7 2 1 
21 10 11 6 4 3 0 5 7 2 1 
21 11 10 6 4 3 1 5 7 2 0 
22 11 11 5 2 4 7 6 3 0 1 
22 11 11 5 2 4 7 0 6 3 1 
19 13 6 5 2 4 7 1 6 3 0 
20 14 6 5 2 4 0 1 6 3 7 
21 15 6 5 2 0 4 1 6 3 7 
20 16 4 5 2 3 4 1 6 0 7 
19 17 2 5 2 3 4 1 6 7 0 
22 10 12 0 5 3 7 6 4 2 1 
19 13 6 1 5 3 7 6 4 2 0 
22 11 11 5 3 2 7 6 4 0 1 
22 11 11 5 3 7 0 6 4 2 1 
22 10 12 0 4 3 7 5 6 2 1 
19 13 6 1 4 3 7 5 6 2 0 
22 12 10 5 4 3 7 1 6 0 2 
22 10 12 0 6 4 7 5 2 3 1 
19 13 6 1 6 4 7 5 2 3 0 
22 11 11 6 2 4 7 5 3 0 1 
22 12 10 1 3 6 5 0 4 7 2 
22 14 8 1 3 7 5 0 4 2 6 
22 12 10 5 1 4 3 6 7 0 2 
21 13 8 5 1 4 3 6 7 2 0 
22 12 10 5 1 4 3 0 6 7 2 
22 11 11 1 5 3 2 0 4 7 6 
22 14 8 2 1 6 5 3 4 7 0 
22 14 8 2 1 0 5 3 4 6 7 
21 15 6 2 1 5 0 3 4 6 7 
20 16 4 2 1 5 7 3 4 6 0 
22 9 13 0 3 1 6 4 5 2 7 
22 13 9 0 3 1 4 5 2 6 7 
22 11 11 0 4 3 1 5 2 7 6 
22 12 10 4 2 3 1 5 7 0 6 
21 13 8 4 2 3 1 5 7 6 0 
22 16 6 1 4 3 7 5 2 6 0 
22 11 11 0 3 6 4 5 1 7 2 
22 11 11 0 6 4 3 5 1 7 2 
22 12 10 6 1 4 3 5 7 0 2 
21 13 8 6 1 4 3 5 7 2 0 
22 12 10 4 3 2 6 5 1 7 0 
22 13 9 0 3 2 4 5 1 7 6 
22 11 11 0 5 3 6 2 4 1 7 
22 12 10 5 3 0 4 2 1 6 7 
21 13 8 5 3 4 0 2 1 6 7 
20 14 6 5 3 4 7 2 1 6 0 
22 14 8 2 4 3 7 5 6 1 0 
22 12 10 5 6 1 3 2 4 7 0 
22 13 9 5 6 3 7 2 4 0 1 
22 12 10 5 2 3 6 7 1 4 0 
22 14 8 5 2 3 4 7 1 0 6 
21 15 6 5 2 3 4 7 1 6 0 
22 13 9 0 2 4 3 5 1 6 7 
22 16 6 5 2 4 0 1 6 7 3 
22 12 10 2 3 1 0 4 5 7 6 
22 12 10 2 3 1 6 0 4 5 7 
22 13 9 2 3 0 7 4 5 6 1 
22 13 9 2 3 6 7 4 0 5 1 
22 14 8 6 2 3 4 7 5 1 0 
22 13 9 0 1 7 4 5 2 3 6 
22 16 6 1 3 7 0 5 2 6 4 
22 14 8 5 1 7 3 2 6 0 4 
22 14 8 6 2 3 4 7 5 1 0 
22 14 8 1 5 3 6 2 7 4 0 
22 14 8 1 4 7 3 2 0 5 6 
22 15 7 0 3 5 7 2 1 4 6 
22 14 8 2 5 7 0 1 3 6 4 
22 16 6 2 3 5 7 1 6 0 4 
22 16 6 0 3 5 7 2 4 6 1 
22 18 4 1 2 3 4 5 0 6 7 
21 19 2 1 2 3 4 5 6 0 7 
20 20 0 1 2 3 4 5 6 7 0 
