0 0 0 5 0 3 6 2 4 1 7 
0 0 10 5 3 0 6 2 4 1 7 
0 0 8 5 3 1 6 2 4 0 7 
0 0 8 5 3 6 0 2 4 1 7 
0 0 6 5 3 6 7 2 4 1 0 
0 0 7 5 3 6 7 2 4 0 1 
0 0 7 5 3 0 7 2 4 6 1 
0 0 7 5 3 7 0 2 4 6 1 
0 0 6 5 3 7 1 2 4 6 0 
0 0 8 5 3 1 6 2 4 7 0 
0 0 8 5 3 6 1 2 4 0 7 
0 0 8 5 3 0 7 2 4 1 6 
0 0 6 5 3 1 7 2 4 0 6 
0 0 4 5 3 1 7 2 4 6 0 
0 0 6 5 3 1 0 2 4 6 7 
0 0 7 0 3 1 7 2 4 6 5 
0 0 7 0 3 1 5 2 4 6 7 
0 0 6 7 3 1 5 2 4 6 0 
0 0 8 0 3 7 5 2 4 6 1 
0 0 2 1 3 7 5 2 4 6 0 
0 0 4 1 3 7 0 2 4 6 5 
0 0 4 1 3 7 5 2 4 0 6 
0 0 4 1 3 0 5 2 4 6 7 
0 0 2 1 3 5 0 2 4 6 7 
0 0 0 1 3 5 7 2 4 6 0 
