12 0 12 6 7 4 1 2 3 5 0 
14 1 13 6 7 4 0 2 3 5 1 
14 2 12 6 7 4 1 2 3 5 0 
17 2 15 6 7 0 4 2 3 5 1 
16 3 13 6 7 5 4 2 3 0 1 
16 4 12 6 7 5 4 2 3 1 0 
17 3 14 0 7 4 6 2 3 5 1 
14 6 8 1 7 4 6 2 3 5 0 
15 7 8 1 7 4 0 2 3 5 6 
17 4 13 6 7 4 5 2 3 0 1 
17 3 14 6 7 4 1 2 3 0 5 
17 5 12 6 7 5 0 2 3 1 4 
17 7 10 1 7 4 6 2 3 0 5 
17 5 12 6 7 4 5 2 3 1 0 
18 5 13 0 7 4 1 2 3 5 6 
18 3 15 6 0 7 4 2 3 5 1 
17 4 13 6 3 7 4 2 0 5 1 
16 5 11 6 3 7 4 2 5 0 1 
16 6 10 6 3 7 4 2 5 1 0 
17 6 11 6 3 0 4 2 5 7 1 
18 8 10 1 7 0 4 2 3 5 6 
17 9 8 1 7 5 4 2 3 0 6 
16 10 6 1 7 5 4 2 3 6 0 
17 11 6 1 7 5 0 2 3 6 4 
18 10 8 1 7 4 5 2 3 0 6 
17 11 6 1 7 4 5 2 3 6 0 
18 5 13 6 7 0 5 2 3 4 1 
17 6 11 6 7 5 0 2 3 4 1 
17 7 10 6 7 5 1 2 3 4 0 
18 4 14 6 7 0 1 2 3 4 5 
17 5 12 6 7 1 0 2 3 4 5 
16 6 10 6 7 1 5 2 3 4 0 
18 8 10 1 7 0 6 2 3 4 5 
17 9 8 1 7 6 0 2 3 4 5 
16 10 6 1 7 6 5 2 3 4 0 
18 4 14 0 6 7 4 2 3 5 1 
15 7 8 1 6 7 4 2 3 5 0 
16 8 8 1 6 7 0 2 3 5 4 
17 6 11 4 6 7 0 2 3 5 1 
17 9 8 1 6 0 7 2 3 5 4 
16 10 6 1 6 5 7 2 3 0 4 
15 11 4 1 6 5 7 2 3 4 0 
17 7 10 4 6 7 1 2 3 5 0 
18 5 13 6 3 7 4 0 2 5 1 
15 7 8 6 3 7 4 1 2 5 0 
18 7 11 6 3 4 0 2 5 7 1 
18 7 11 6 0 3 4 2 5 7 1 
18 5 13 2 6 7 4 0 3 5 1 
15 7 8 2 6 7 4 1 3 5 0 
18 8 10 1 6 7 4 2 3 0 5 
18 7 11 4 6 0 7 2 3 5 1 
17 8 9 4 6 5 7 2 3 0 1 
17 9 8 4 6 5 7 2 3 1 0 
18 10 8 1 0 6 7 2 3 5 4 
17 11 6 1 3 6 7 2 0 5 4 
18 12 6 1 6 5 0 2 3 4 7 
18 6 12 0 3 7 4 6 2 5 1 
15 9 6 1 3 7 4 6 2 5 0 
18 8 10 6 3 7 0 1 2 5 4 
18 8 10 6 3 7 4 1 2 0 5 
18 8 10 6 3 4 1 2 5 7 0 
18 8 10 0 6 3 4 2 5 7 1 
15 11 4 1 6 3 4 2 5 7 0 
18 8 10 2 6 7 0 1 3 5 4 
18 8 10 2 6 7 4 1 3 0 5 
18 12 6 1 3 6 7 2 5 0 4 
17 13 4 1 3 6 7 2 5 4 0 
18 10 8 1 3 7 0 6 2 5 4 
18 10 8 1 3 7 4 6 2 0 5 
18 9 9 2 6 3 4 0 5 7 1 
15 11 4 2 6 3 4 1 5 7 0 
17 10 7 2 6 3 4 5 0 7 1 
18 12 6 1 6 3 0 2 5 7 4 
18 12 6 1 6 3 4 2 5 0 7 
18 12 6 2 6 3 0 1 5 7 4 
18 12 6 2 6 3 4 1 5 0 7 
18 11 7 2 6 3 4 5 7 0 1 
18 11 7 2 0 3 4 5 6 7 1 
18 12 6 2 6 3 4 5 7 1 0 
18 12 6 0 2 3 4 5 6 7 1 
15 15 0 1 2 3 4 5 6 7 0 
