6 0 6 6 7 4 1 2 3 5 0 
8 1 7 6 7 4 0 2 3 5 1 
8 2 6 6 7 4 1 2 3 5 0 
9 2 7 6 7 0 4 2 3 5 1 
9 3 6 6 7 5 4 2 3 0 1 
9 4 5 6 7 5 4 2 3 1 0 
10 3 7 0 7 4 6 2 3 5 1 
10 3 7 6 7 4 1 2 3 0 5 
10 3 7 6 0 7 4 2 3 5 1 
10 4 6 6 7 5 4 2 0 3 1 
10 4 6 6 3 7 4 2 0 5 1 
11 4 7 6 7 4 5 2 3 0 1 
11 5 6 6 7 5 0 2 3 1 4 
11 4 7 7 0 4 6 2 3 5 1 
11 6 5 1 7 4 6 2 3 5 0 
11 4 7 6 7 0 1 2 3 4 5 
11 4 7 6 7 4 1 2 0 3 5 
11 4 7 0 6 7 4 2 3 5 1 
11 5 6 6 0 5 4 2 7 3 1 
11 5 6 6 3 7 4 2 5 0 1 
11 5 6 6 7 4 5 2 3 1 0 
11 5 6 7 3 4 6 2 0 5 1 
11 6 5 6 3 7 4 2 5 1 0 
12 4 8 6 7 4 2 0 3 5 1 
12 4 8 6 7 4 1 0 3 5 2 
12 5 7 6 7 0 1 2 3 5 4 
12 5 7 0 7 4 1 2 3 5 6 
12 4 8 2 7 4 6 0 3 5 1 
12 5 7 6 7 5 4 0 2 3 1 
12 5 7 6 3 7 4 0 2 5 1 
12 5 7 6 7 0 5 2 3 4 1 
12 5 7 6 7 4 5 2 0 3 1 
12 5 7 7 4 0 6 2 3 5 1 
12 5 7 6 7 1 0 2 3 4 5 
12 5 7 6 0 7 1 2 3 4 5 
12 5 7 6 0 4 1 2 7 3 5 
12 5 7 2 6 7 4 0 3 5 1 
12 7 5 1 6 7 4 2 3 5 0 
12 6 6 0 6 5 4 2 7 3 1 
12 6 6 6 3 0 4 2 5 7 1 
12 6 6 7 3 4 6 2 5 0 1 
12 6 6 6 7 5 1 2 3 0 4 
12 6 6 6 7 5 0 2 3 4 1 
12 6 6 7 4 5 6 2 3 0 1 
12 6 6 6 7 1 5 2 3 4 0 
12 6 6 6 3 7 1 2 0 4 5 
12 7 5 6 0 3 4 2 5 7 1 
12 7 5 7 3 4 6 2 5 1 0 
12 7 5 6 7 5 1 2 3 4 0 
12 7 5 6 7 5 1 2 3 4 0 
12 7 5 7 4 5 6 2 3 1 0 
12 7 5 6 3 7 1 2 4 0 5 
12 8 4 6 3 7 1 2 4 5 0 
13 6 7 6 7 5 4 0 3 1 2 
13 7 6 0 7 5 4 2 3 1 6 
13 6 7 3 7 4 6 2 0 5 1 
13 6 7 6 7 0 5 2 3 1 4 
13 7 6 0 7 5 6 2 3 1 4 
13 7 6 1 7 4 0 2 3 5 6 
13 7 6 1 7 4 6 2 3 0 5 
13 5 8 6 7 4 1 0 2 3 5 
13 6 7 4 6 7 0 2 3 5 1 
13 6 7 6 5 0 4 2 7 3 1 
13 6 7 6 7 4 0 2 3 1 5 
13 6 7 7 3 4 6 0 2 5 1 
13 7 6 6 3 7 0 2 5 1 4 
13 5 8 6 7 4 2 3 0 5 1 
13 5 8 0 7 4 2 6 3 5 1 
13 6 7 6 7 4 2 1 3 5 0 
13 5 8 6 7 4 1 3 0 5 2 
13 5 8 0 7 4 1 6 3 5 2 
13 6 7 6 7 1 0 2 3 5 4 
13 6 7 6 0 7 1 2 3 5 4 
13 6 7 7 0 4 1 2 3 5 6 
13 7 6 1 7 4 0 2 3 5 6 
13 5 8 2 7 4 6 3 0 5 1 
13 6 7 2 7 4 6 1 3 5 0 
13 6 7 0 7 5 4 6 2 3 1 
13 7 6 6 7 5 4 1 2 3 0 
13 6 7 0 3 7 4 6 2 5 1 
13 7 6 6 3 7 4 1 2 5 0 
13 6 7 6 0 7 5 2 3 4 1 
13 6 7 6 0 4 5 2 7 3 1 
13 6 7 7 4 6 0 2 3 5 1 
13 6 7 0 6 7 1 2 3 4 5 
13 6 7 6 4 0 1 2 7 3 5 
13 6 7 0 6 4 1 2 7 3 5 
13 6 7 2 6 7 4 3 0 5 1 
13 7 6 2 6 7 4 1 3 5 0 
13 9 4 1 6 5 4 2 7 3 0 
13 7 6 6 3 4 0 2 5 7 1 
13 7 6 7 3 0 6 2 5 4 1 
13 7 6 6 7 5 1 2 0 3 4 
13 7 6 7 4 5 6 2 0 3 1 
13 8 5 6 5 3 4 2 0 7 1 
13 8 5 0 6 3 4 2 5 7 1 
13 8 5 6 3 0 1 2 4 7 5 
13 7 6 6 7 4 1 5 2 3 0 
13 7 6 4 6 7 1 2 3 5 0 
13 7 6 4 6 0 7 2 3 5 1 
13 7 6 6 5 3 4 2 7 0 1 
13 8 5 6 3 0 7 2 5 1 4 
13 7 6 6 7 1 4 2 3 5 0 
13 7 6 6 3 7 1 2 0 5 4 
13 7 6 7 3 4 1 2 0 5 6 
13 7 6 6 3 7 5 2 0 4 1 
13 7 6 7 4 6 1 2 3 5 0 
13 7 6 2 0 7 4 3 6 5 1 
13 8 5 6 3 4 1 2 5 7 0 
13 8 5 7 0 5 6 2 4 3 1 
13 8 5 4 6 5 7 2 3 0 1 
13 8 5 6 5 3 4 2 7 1 0 
13 8 5 6 3 7 5 2 4 0 1 
13 8 5 0 2 7 4 3 6 5 1 
13 9 4 4 6 5 7 2 3 1 0 
13 9 4 6 3 7 5 2 4 1 0 
14 7 7 6 7 0 4 2 3 1 5 
14 7 7 3 6 7 4 2 0 5 1 
14 6 8 2 7 4 1 0 3 5 6 
14 6 8 6 7 4 5 0 2 3 1 
14 7 7 0 7 1 6 2 3 4 5 
14 8 6 1 6 7 0 2 3 5 4 
14 8 6 1 6 7 4 2 3 0 5 
14 7 7 2 6 5 4 0 7 3 1 
14 8 6 4 6 5 0 2 7 3 1 
14 8 6 0 7 5 6 2 3 4 1 
14 7 7 6 7 1 5 2 3 0 4 
14 7 7 6 3 7 1 0 2 4 5 
14 8 6 7 3 4 0 2 5 1 6 
14 8 6 7 4 5 0 2 3 1 6 
14 9 5 6 3 7 0 2 4 5 1 
14 7 7 6 7 5 4 3 0 1 2 
14 7 7 0 7 5 4 6 3 1 2 
14 8 6 7 0 5 4 2 3 1 6 
14 7 7 3 7 4 6 2 5 0 1 
14 7 7 3 0 4 6 2 7 5 1 
14 7 7 6 7 1 5 2 3 0 4 
14 7 7 6 0 7 5 2 3 1 4 
14 8 6 7 0 5 6 2 3 1 4 
14 8 6 1 7 0 4 2 3 5 6 
14 8 6 1 7 0 6 2 3 4 5 
14 8 6 1 7 4 6 2 0 3 5 
14 6 8 0 7 4 1 6 2 3 5 
14 7 7 6 5 4 0 2 7 3 1 
14 7 7 6 7 0 4 2 3 1 5 
14 7 7 0 3 4 6 7 2 5 1 
14 8 6 7 3 4 6 1 2 5 0 
14 6 8 6 7 4 2 3 5 0 1 
14 6 8 6 0 4 2 3 7 5 1 
14 6 8 7 0 4 2 6 3 5 1 
14 8 6 1 7 4 2 6 3 5 0 
14 6 8 6 7 4 1 3 5 0 2 
14 6 8 6 0 4 1 3 7 5 2 
14 6 8 7 0 4 1 6 3 5 2 
14 7 7 1 7 4 0 6 3 5 2 
14 7 7 0 6 7 1 2 3 5 4 
14 7 7 7 4 0 1 2 3 5 6 
14 8 6 1 7 0 4 2 3 5 6 
14 6 8 2 7 4 6 3 5 0 1 
14 6 8 2 0 4 6 3 7 5 1 
14 7 7 7 0 5 4 6 2 3 1 
14 9 5 1 7 5 4 6 2 3 0 
14 7 7 3 0 7 4 6 2 5 1 
14 9 5 1 3 7 4 6 2 5 0 
14 7 7 0 6 7 5 2 3 4 1 
14 7 7 6 4 0 5 2 7 3 1 
14 7 7 0 6 4 5 2 7 3 1 
14 8 6 0 4 6 7 2 3 5 1 
14 8 6 1 6 7 0 2 3 4 5 
14 7 7 6 4 3 1 2 7 0 5 
14 7 7 6 4 1 0 2 7 3 5 
14 8 6 1 6 4 0 2 7 3 5 
14 7 7 2 6 7 4 3 5 0 1 
14 8 6 7 3 6 0 2 5 4 1 
14 8 6 6 0 5 1 2 7 3 4 
14 9 5 6 5 3 4 0 2 7 1 
14 9 5 2 6 3 4 0 5 7 1 
14 11 3 1 6 3 4 2 5 7 0 
14 9 5 6 3 1 0 2 4 7 5 
14 8 6 4 0 6 7 2 3 5 1 
14 9 5 6 3 1 7 2 5 0 4 
14 8 6 6 3 7 1 2 5 0 4 
14 8 6 7 3 4 1 2 5 0 6 
13 9 4 7 3 4 1 2 5 6 0 
14 8 6 2 7 0 4 3 6 5 1 
14 9 5 0 7 5 6 2 4 3 1 
14 9 5 4 6 5 7 2 0 3 1 
14 9 5 6 3 0 5 2 4 7 1 
14 9 5 3 2 7 4 0 6 5 1 
14 11 3 1 2 7 4 3 6 5 0 
14 8 6 3 0 7 4 2 6 5 1 
14 9 5 1 6 0 7 2 3 5 4 
14 9 5 1 6 0 4 2 3 7 5 
14 9 5 4 6 5 1 2 7 3 0 
14 10 4 6 3 0 7 2 4 5 1 
14 9 5 7 3 5 4 2 0 1 6 
14 8 6 3 7 4 6 2 5 1 0 
14 8 6 0 3 4 6 2 7 5 1 
14 8 6 6 3 7 5 2 0 1 4 
14 9 5 7 3 5 6 2 0 1 4 
14 9 5 1 7 5 4 2 3 0 6 
13 10 3 1 7 5 4 2 3 6 0 
14 8 6 6 5 4 1 2 7 3 0 
14 7 7 6 7 4 2 3 5 1 0 
14 7 7 7 3 4 2 6 0 5 1 
14 7 7 6 7 4 1 3 5 2 0 
14 7 7 7 3 4 1 6 0 5 2 
14 8 6 1 7 0 4 6 3 5 2 
14 8 6 7 4 5 1 2 3 0 6 
13 9 4 7 4 5 1 2 3 6 0 
14 9 5 1 7 5 4 2 3 0 6 
14 7 7 2 7 4 6 3 5 1 0 
14 7 7 0 2 4 6 3 7 5 1 
14 8 6 7 2 5 4 6 0 3 1 
14 8 6 3 2 7 4 6 0 5 1 
14 8 6 6 4 5 0 2 7 3 1 
14 9 5 1 6 7 5 2 3 4 0 
14 9 5 1 6 0 7 2 3 4 5 
14 8 6 6 4 3 1 2 7 5 0 
14 8 6 6 4 3 1 2 0 7 5 
14 8 6 6 4 1 5 2 7 3 0 
14 9 5 1 6 4 5 2 7 3 0 
14 8 6 2 6 7 4 3 5 1 0 
14 8 6 2 6 0 4 3 5 7 1 
14 9 5 7 3 6 1 2 5 4 0 
14 10 4 2 6 3 4 5 0 7 1 
14 10 4 6 3 1 5 2 4 7 0 
14 9 5 4 3 6 7 2 0 5 1 
14 10 4 6 3 1 7 2 5 4 0 
14 9 5 6 3 7 1 2 5 4 0 
14 10 4 6 3 5 0 2 4 7 1 
14 10 4 1 6 5 7 2 3 0 4 
14 11 3 6 3 5 7 2 4 0 1 
14 9 5 7 2 5 4 0 6 3 1 
14 9 5 6 4 5 1 2 7 3 0 
14 11 3 2 0 3 4 5 6 7 1 
14 11 3 6 3 5 1 2 4 7 0 
14 11 3 1 6 5 7 2 3 4 0 
14 12 2 6 3 5 7 2 4 1 0 
14 12 2 0 2 3 4 5 6 7 1 
15 8 7 6 7 5 2 0 3 1 4 
15 8 7 1 7 4 6 0 3 5 2 
15 9 6 1 7 0 6 2 3 5 4 
15 7 8 6 7 4 5 0 3 1 2 
15 8 7 6 7 0 5 2 3 1 4 
15 8 7 0 7 4 5 2 3 1 6 
15 8 7 6 3 7 4 0 5 1 2 
15 9 6 6 3 0 4 2 5 1 7 
15 9 6 0 3 7 4 2 5 1 6 
15 7 8 6 0 4 2 7 3 5 1 
15 7 8 6 0 4 1 7 3 5 2 
15 7 8 6 7 4 0 1 3 5 2 
15 8 7 3 7 4 1 2 0 5 6 
15 7 8 2 0 4 6 7 3 5 1 
15 7 8 2 7 4 0 6 3 5 1 
15 8 7 6 0 5 4 7 2 3 1 
15 8 7 6 7 5 0 4 2 3 1 
15 8 7 6 0 7 4 3 2 5 1 
15 8 7 6 3 7 0 4 2 5 1 
15 8 7 6 7 1 4 2 3 0 5 
15 8 7 2 0 7 4 6 3 5 1 
15 9 6 1 6 7 4 0 3 5 2 
15 9 6 7 6 5 4 2 0 3 1 
15 8 7 2 7 5 4 0 3 1 6 
15 9 6 4 7 5 0 2 3 1 6 
15 7 8 3 7 4 6 0 2 5 1 
15 8 7 2 7 5 6 0 3 1 4 
15 10 5 4 7 5 6 2 3 1 0 
15 8 7 0 7 4 6 2 3 1 5 
15 9 6 0 3 7 6 2 5 1 4 
15 7 8 2 7 4 0 6 3 5 1 
15 7 8 6 7 4 0 1 3 5 2 
15 7 8 6 7 4 2 1 3 0 5 
15 8 7 2 7 4 1 6 3 5 0 
15 8 7 0 7 1 6 2 3 5 4 
15 7 8 2 7 4 0 1 3 5 6 
15 7 8 2 7 4 6 1 3 0 5 
15 8 7 4 7 5 0 6 2 3 1 
15 8 7 6 7 5 0 1 2 3 4 
15 8 7 6 7 5 4 1 2 0 3 
15 8 7 4 3 7 0 6 2 5 1 
15 8 7 6 3 7 0 1 2 5 4 
15 8 7 6 3 7 4 1 2 0 5 
15 7 8 2 6 7 1 0 3 4 5 
15 9 6 5 6 7 1 2 3 4 0 
15 7 8 2 6 4 1 0 7 3 5 
15 9 6 5 6 4 1 2 7 3 0 
15 8 7 2 6 7 4 1 3 0 5 
15 10 5 1 6 5 0 2 7 3 4 
15 10 5 1 6 5 4 2 7 0 3 
15 9 6 0 3 4 6 2 5 7 1 
15 10 5 6 3 4 7 2 5 0 1 
15 8 7 7 0 3 6 2 5 4 1 
15 8 7 6 7 5 1 0 2 3 4 
15 8 7 7 4 5 6 0 2 3 1 
15 9 6 6 5 3 4 2 7 0 1 
15 9 6 6 0 3 1 2 4 7 5 
15 8 7 6 7 4 0 5 2 3 1 
15 8 7 6 7 4 1 5 2 0 3 
15 8 7 4 6 7 1 2 3 0 5 
15 9 6 6 0 3 7 2 5 1 4 
15 8 7 6 7 1 4 2 3 0 5 
15 8 7 6 3 7 1 0 2 5 4 
15 8 7 7 3 4 1 0 2 5 6 
15 8 7 6 3 7 5 0 2 4 1 
15 8 7 7 4 6 1 2 3 0 5 
15 9 6 6 3 4 1 2 5 0 7 
15 9 6 7 5 0 6 2 4 3 1 
15 10 5 6 3 7 0 2 4 1 5 
15 8 7 6 7 1 4 2 3 0 5 
15 8 7 6 0 7 4 2 3 1 5 
15 8 7 3 6 7 4 2 5 0 1 
15 8 7 3 6 7 4 0 2 5 1 
15 7 8 2 7 4 1 3 0 5 6 
15 8 7 2 7 4 1 6 3 5 0 
15 7 8 0 7 4 5 6 2 3 1 
15 8 7 6 7 4 5 1 2 3 0 
15 8 7 7 0 1 6 2 3 4 5 
15 9 6 1 6 7 4 2 0 3 5 
15 8 7 2 6 5 4 7 0 3 1 
15 9 6 2 6 5 4 1 7 3 0 
15 9 6 7 0 5 6 2 3 4 1 
15 11 4 1 7 5 6 2 3 4 0 
15 8 7 6 7 1 5 2 0 3 4 
15 8 7 0 3 7 1 6 2 4 5 
15 9 6 6 3 7 1 5 2 4 0 
15 9 6 7 3 0 4 2 5 1 6 
15 10 5 0 3 4 7 2 5 1 6 
15 10 5 0 4 5 7 2 3 1 6 
15 8 7 6 7 5 4 3 1 0 2 
15 8 7 6 0 5 4 3 7 1 2 
15 8 7 7 0 5 4 6 3 1 2 
15 8 7 3 7 0 6 2 5 4 1 
15 8 7 3 4 0 6 2 7 5 1 
15 8 7 6 7 1 5 2 0 3 4 
15 8 7 0 6 7 5 2 3 1 4 
15 9 6 1 0 7 4 2 3 5 6 
15 9 6 1 7 6 0 2 3 4 5 
15 9 6 1 0 7 6 2 3 4 5 
15 9 6 1 0 4 6 2 7 3 5 
15 7 8 7 0 4 1 6 2 3 5 
15 8 7 1 7 4 0 6 2 3 5 
15 8 7 6 7 1 4 2 3 0 5 
15 8 7 6 0 7 4 2 3 1 5 
15 10 5 1 3 4 6 7 2 5 0 
15 7 8 6 7 0 2 3 5 4 1 
15 7 8 6 4 0 2 3 7 5 1 
15 7 8 0 6 4 2 3 7 5 1 
15 7 8 7 4 0 2 6 3 5 1 
15 7 8 6 7 0 1 3 5 4 2 
15 7 8 6 4 0 1 3 7 5 2 
15 7 8 0 6 4 1 3 7 5 2 
15 7 8 7 4 0 1 6 3 5 2 
15 8 7 7 4 1 0 2 3 5 6 
15 9 6 1 0 7 4 2 3 5 6 
15 7 8 2 7 0 6 3 5 4 1 
15 7 8 2 4 0 6 3 7 5 1 
15 8 7 7 5 0 4 6 2 3 1 
15 8 7 3 7 0 4 6 2 5 1 
15 8 7 6 4 3 5 2 7 0 1 
15 9 6 4 0 6 7 2 3 5 1 
15 11 4 1 4 6 7 2 3 5 0 
15 9 6 1 6 0 4 2 7 3 5 
15 10 5 0 3 6 7 2 5 4 1 
15 9 6 0 6 5 1 2 7 3 4 
15 10 5 0 5 3 4 6 2 7 1 
15 11 4 6 5 3 4 1 2 7 0 
15 11 4 2 6 3 4 1 5 7 0 
15 10 5 6 3 1 7 2 0 5 4 
15 9 6 6 3 0 1 2 5 7 4 
15 9 6 7 3 0 1 2 5 4 6 
15 10 5 7 3 4 0 2 5 6 1 
15 9 6 2 7 5 4 3 6 0 1 
15 12 3 1 7 5 6 2 4 3 0 
15 10 5 4 0 5 7 2 6 3 1 
15 11 4 3 2 7 4 1 6 5 0 
15 9 6 3 7 0 4 2 6 5 1 
15 9 6 0 3 7 4 2 6 5 1 
15 10 5 1 0 6 7 2 3 5 4 
15 10 5 1 0 6 4 2 3 7 5 
15 10 5 7 3 5 4 2 1 0 6 
14 11 3 7 3 5 4 2 1 6 0 
15 11 4 1 3 4 6 2 7 5 0 
15 9 6 6 3 7 5 2 1 0 4 
15 10 5 7 3 5 6 2 1 0 4 
15 10 5 1 7 5 4 2 0 3 6 
15 11 4 1 7 5 0 2 3 6 4 
15 8 7 7 3 4 2 6 5 0 1 
15 8 7 7 3 4 2 0 6 5 1 
15 8 7 7 3 4 1 6 5 0 2 
15 8 7 7 3 4 1 0 6 5 2 
15 9 6 1 7 5 4 6 3 0 2 
15 9 6 1 0 7 4 6 3 5 2 
15 9 6 7 4 5 1 2 0 3 6 
15 10 5 7 4 5 0 2 3 6 1 
15 10 5 1 7 5 4 2 0 3 6 
15 8 7 3 2 4 6 0 7 5 1 
15 10 5 1 2 4 6 3 7 5 0 
15 9 6 7 2 5 4 6 3 0 1 
15 9 6 3 2 7 4 6 5 0 1 
15 10 5 1 6 4 7 2 3 0 5 
15 10 5 1 0 6 7 2 3 4 5 
15 9 6 6 0 3 1 2 4 7 5 
15 9 6 6 4 3 1 0 2 7 5 
15 9 6 2 0 6 4 3 5 7 1 
15 10 5 4 3 6 7 2 5 0 1 
15 11 4 1 6 5 7 2 0 3 4 
15 10 5 0 2 5 4 7 6 3 1 
15 11 4 7 2 5 4 1 6 3 0 
15 15 0 1 2 3 4 5 6 7 0 
