0 0 0 6 7 4 1 2 3 5 0 
0 0 13 6 7 4 0 2 3 5 1 
0 0 13 0 7 4 1 2 3 5 6 
0 0 8 1 7 4 0 2 3 5 6 
0 0 8 1 7 4 6 2 3 5 0 
0 0 8 1 7 4 5 2 3 0 6 
0 0 6 1 7 4 5 2 3 6 0 
0 0 8 1 7 0 5 2 3 4 6 
0 0 6 1 7 5 0 2 3 4 6 
0 0 6 1 7 5 6 2 3 4 0 
0 0 8 1 7 4 0 2 3 6 5 
0 0 8 1 7 0 5 2 3 6 4 
0 0 6 1 7 5 0 2 3 6 4 
0 0 6 1 7 5 4 2 3 6 0 
0 0 8 1 0 7 5 2 3 4 6 
0 0 6 1 3 7 5 2 0 4 6 
0 0 4 1 3 7 5 2 4 0 6 
0 0 2 1 3 7 5 2 4 6 0 
0 0 4 1 3 7 0 2 4 6 5 
0 0 4 1 3 0 5 2 4 6 7 
0 0 2 1 3 5 0 2 4 6 7 
0 0 0 1 3 5 7 2 4 6 0 
