10 0 10 4 1 7 3 2 5 0 6 
9 1 8 4 1 7 3 2 5 6 0 
12 2 10 4 1 7 0 2 5 6 3 
13 3 10 4 1 0 7 2 5 6 3 
14 4 10 4 1 0 3 2 5 6 7 
13 5 8 4 1 3 0 2 5 6 7 
12 6 6 4 1 3 7 2 5 6 0 
14 4 10 4 1 6 7 2 5 0 3 
13 5 8 4 1 6 7 2 5 3 0 
15 4 11 0 1 7 3 2 5 6 4 
14 6 8 3 1 7 0 2 5 6 4 
15 4 11 0 1 7 4 2 5 6 3 
15 5 10 4 1 6 3 2 5 0 7 
15 7 8 4 1 3 7 2 5 0 6 
15 5 10 4 1 6 7 2 0 5 3 
15 5 10 2 1 7 3 0 5 6 4 
14 6 8 2 1 7 3 5 0 6 4 
13 7 6 2 1 7 3 5 6 0 4 
14 8 6 2 1 7 3 5 6 4 0 
14 8 6 2 1 0 3 5 6 7 4 
13 9 4 2 1 3 0 5 6 7 4 
12 10 2 2 1 3 4 5 6 7 0 
15 5 10 1 0 7 3 2 5 6 4 
14 6 8 1 5 7 3 2 0 6 4 
15 7 8 3 1 7 4 2 5 6 0 
15 7 8 3 1 0 7 2 5 6 4 
15 5 10 2 1 7 4 0 5 6 3 
14 6 8 2 1 7 4 5 0 6 3 
13 7 6 2 1 7 4 5 6 0 3 
12 8 4 2 1 7 4 5 6 3 0 
14 8 6 2 1 0 4 5 6 7 3 
15 5 10 1 0 7 4 2 5 6 3 
15 7 8 3 1 7 4 2 5 6 0 
15 7 8 2 1 7 3 4 5 6 0 
15 11 4 2 1 3 4 5 6 0 7 
15 7 8 1 5 7 3 2 6 0 4 
14 8 6 1 5 7 3 2 6 4 0 
15 7 8 2 1 7 4 3 5 6 0 
15 9 6 2 1 7 0 5 6 3 4 
15 9 6 2 1 4 0 5 6 7 3 
14 10 4 2 1 4 3 5 6 7 0 
16 4 12 4 0 1 7 2 5 6 3 
15 5 10 4 5 1 7 2 0 6 3 
16 7 9 0 1 3 4 2 5 6 7 
16 6 10 4 1 6 0 2 5 3 7 
16 6 10 4 1 6 3 2 5 7 0 
16 6 10 4 1 6 3 2 0 5 7 
16 8 8 4 1 3 7 2 0 5 6 
16 6 10 1 7 0 3 2 5 6 4 
15 7 8 1 7 3 0 2 5 6 4 
14 8 6 1 7 3 4 2 5 6 0 
16 8 8 3 1 6 7 2 5 0 4 
15 9 6 3 1 6 7 2 5 4 0 
16 6 10 1 5 7 4 2 0 6 3 
15 7 8 1 5 7 4 2 6 0 3 
14 8 6 1 5 7 4 2 6 3 0 
16 8 8 1 5 0 3 2 6 7 4 
15 9 6 1 5 3 0 2 6 7 4 
14 10 4 1 5 3 4 2 6 7 0 
16 5 11 0 4 1 7 2 5 6 3 
14 8 6 3 4 1 7 2 5 6 0 
16 6 10 4 5 1 7 2 6 0 3 
15 7 8 4 5 1 7 2 6 3 0 
16 8 8 2 1 3 4 0 5 6 7 
15 9 6 2 1 3 4 5 0 6 7 
14 10 4 2 1 3 4 5 6 0 7 
16 8 8 1 0 3 4 2 5 6 7 
16 10 6 2 1 3 4 7 5 6 0 
17 3 14 4 1 7 3 0 5 6 2 
16 4 12 4 1 7 3 5 0 6 2 
15 5 10 4 1 7 3 5 6 0 2 
14 6 8 4 1 7 3 5 6 2 0 
16 6 10 4 1 0 3 5 6 7 2 
15 7 8 4 1 3 0 5 6 7 2 
14 8 6 4 1 3 2 5 6 7 0 
16 9 7 0 1 3 4 5 6 7 2 
16 10 6 1 0 3 4 5 6 7 2 
17 5 12 4 1 7 6 2 5 0 3 
16 6 10 4 1 7 6 2 5 3 0 
17 5 12 4 0 1 3 2 5 6 7 
16 6 10 4 5 1 3 2 0 6 7 
17 7 10 5 1 7 3 2 0 6 4 
16 8 8 5 1 7 3 2 6 0 4 
17 7 10 5 1 7 4 2 0 6 3 
16 8 8 5 1 7 4 2 6 0 3 
15 9 6 5 1 7 4 2 6 3 0 
17 7 10 2 0 7 3 5 1 6 4 
17 9 8 2 1 7 0 5 6 4 3 
17 9 8 2 0 1 3 5 6 7 4 
17 7 10 1 5 7 3 0 2 6 4 
15 9 6 1 5 7 3 4 2 6 0 
17 7 10 2 0 7 4 5 1 6 3 
17 9 8 2 0 1 4 5 6 7 3 
17 9 8 1 5 7 0 2 6 4 3 
17 11 6 2 1 4 3 5 6 0 7 
17 7 10 1 7 6 3 2 5 0 4 
16 8 8 1 7 6 3 2 5 4 0 
17 9 8 1 7 3 4 2 5 0 6 
17 9 8 3 1 6 7 2 0 5 4 
17 7 10 1 5 7 4 0 2 6 3 
17 9 8 1 5 7 0 2 6 3 4 
17 11 6 1 5 3 4 2 6 0 7 
17 9 8 3 4 1 0 2 5 6 7 
17 9 8 3 4 1 7 2 5 0 6 
17 11 6 2 1 0 4 5 6 3 7 
17 9 8 1 3 0 4 2 5 6 7 
16 10 6 1 3 4 0 2 5 6 7 
15 11 4 1 3 4 7 2 5 6 0 
17 4 13 0 1 7 3 4 5 6 2 
16 6 10 3 1 7 0 4 5 6 2 
16 7 9 3 1 7 2 4 5 6 0 
17 7 10 4 1 7 0 5 6 2 3 
17 9 8 4 1 3 2 5 6 0 7 
17 11 6 1 6 3 4 5 0 7 2 
17 11 6 1 3 0 4 5 6 7 2 
17 7 10 4 1 7 0 2 5 3 6 
17 7 10 4 5 1 3 2 6 0 7 
17 9 8 5 1 7 3 2 6 4 0 
17 9 8 5 1 0 3 2 6 7 4 
16 10 6 5 1 3 0 2 6 7 4 
15 11 4 5 1 3 4 2 6 7 0 
17 8 9 0 2 7 3 5 1 6 4 
17 10 7 0 2 1 3 5 6 7 4 
17 8 9 0 2 7 4 5 1 6 3 
17 10 7 0 2 1 4 5 6 7 3 
17 9 8 1 5 7 4 3 2 6 0 
17 5 12 1 0 7 3 4 5 6 2 
16 6 10 1 5 7 3 4 0 6 2 
17 7 10 3 1 0 7 4 5 6 2 
17 11 6 1 2 7 3 5 0 6 4 
16 12 4 1 2 7 3 5 6 0 4 
17 11 6 1 2 7 4 5 0 6 3 
16 12 4 1 2 7 4 5 6 0 3 
15 13 2 1 2 7 4 5 6 3 0 
17 11 6 3 2 7 4 5 1 6 0 
17 13 4 3 2 1 4 5 6 7 0 
17 7 10 1 5 7 3 4 6 0 2 
16 8 8 1 5 7 3 4 6 2 0 
17 7 10 1 5 7 3 0 4 6 2 
13 9 4 1 5 7 3 2 4 6 0 
16 10 6 1 5 7 0 2 4 6 3 
16 10 6 1 5 7 3 2 4 0 6 
17 13 4 1 2 7 3 5 6 4 0 
17 13 4 1 2 0 3 5 6 7 4 
16 14 2 1 2 3 0 5 6 7 4 
15 15 0 1 2 3 4 5 6 7 0 
