12 0 12 0 4 7 5 3 2 6 1 
12 1 11 3 4 7 5 0 2 6 1 
9 3 6 3 4 7 5 1 2 6 0 
11 2 9 3 4 7 5 2 0 6 1 
12 4 8 3 4 7 0 1 2 6 5 
12 4 8 3 4 7 5 1 2 0 6 
12 3 9 3 4 7 5 2 6 0 1 
12 3 9 3 0 7 5 2 4 6 1 
12 4 8 3 4 7 5 2 6 1 0 
12 4 8 0 3 7 5 2 4 6 1 
9 7 2 1 3 7 5 2 4 6 0 
12 8 4 1 3 7 0 2 4 6 5 
12 8 4 1 3 7 5 2 4 0 6 
13 5 8 3 4 0 7 1 2 6 5 
13 4 9 3 7 0 5 2 4 6 1 
12 5 7 3 7 5 0 2 4 6 1 
12 6 6 3 7 5 1 2 4 6 0 
13 6 7 5 3 7 0 2 4 6 1 
13 9 4 1 3 0 7 2 4 6 5 
13 7 6 5 3 7 1 2 4 6 0 
14 6 8 3 4 0 5 1 2 6 7 
13 7 6 3 4 5 0 1 2 6 7 
12 8 4 3 4 5 7 1 2 6 0 
14 5 9 2 3 7 5 0 4 6 1 
11 7 4 2 3 7 5 1 4 6 0 
14 10 4 1 3 0 5 2 4 6 7 
13 11 2 1 3 5 0 2 4 6 7 
12 12 0 1 3 5 7 2 4 6 0 
14 6 8 3 4 6 7 1 2 0 5 
13 7 6 3 4 6 7 1 2 5 0 
14 5 9 3 7 6 5 2 4 0 1 
14 7 7 5 3 0 7 2 4 6 1 
14 10 4 1 3 6 7 2 4 0 5 
13 11 2 1 3 6 7 2 4 5 0 
14 8 6 2 3 7 0 1 4 6 5 
14 8 6 2 3 7 5 1 4 0 6 
14 6 8 3 7 6 5 2 4 1 0 
15 4 11 3 0 7 5 4 2 6 1 
15 4 11 3 4 7 0 5 2 6 1 
15 5 10 3 4 0 5 1 2 7 6 
14 6 8 3 4 5 0 1 2 7 6 
15 5 10 3 4 7 5 1 0 2 6 
15 4 11 3 4 0 5 2 6 7 1 
14 5 9 3 4 5 0 2 6 7 1 
14 6 8 3 4 5 1 2 6 7 0 
15 5 10 3 4 7 0 2 6 1 5 
15 9 6 1 3 0 5 2 4 7 6 
14 10 4 1 3 5 0 2 4 7 6 
15 9 6 1 3 7 5 2 0 4 6 
15 7 8 3 7 5 1 2 4 0 6 
15 7 8 3 4 6 5 1 2 0 7 
15 9 6 3 4 5 7 1 2 0 6 
15 6 9 2 3 7 5 4 0 6 1 
15 11 4 1 3 6 5 2 4 0 7 
15 13 2 1 3 5 7 2 4 0 6 
15 8 7 5 3 6 7 2 4 0 1 
15 9 6 2 3 0 7 1 4 6 5 
15 5 10 0 3 7 5 4 2 6 1 
12 8 4 1 3 7 5 4 2 6 0 
15 5 10 3 4 7 1 5 2 6 0 
15 7 8 3 4 5 6 1 2 7 0 
15 9 6 3 4 5 7 1 2 0 6 
15 8 7 3 4 5 7 2 6 0 1 
15 7 8 3 4 5 1 2 6 0 7 
15 11 4 1 3 5 6 2 4 7 0 
15 13 2 1 3 5 7 2 4 0 6 
15 9 6 5 3 6 7 2 4 1 0 
15 9 6 1 3 7 0 4 2 6 5 
15 9 6 1 3 7 5 4 2 0 6 
15 9 6 3 4 5 7 2 6 1 0 
16 7 9 4 3 7 5 2 0 6 1 
16 6 10 3 0 4 7 1 2 6 5 
16 10 6 1 0 3 7 2 4 6 5 
16 8 8 5 3 7 1 2 4 0 6 
16 10 6 2 3 0 5 1 4 6 7 
15 11 4 2 3 5 0 1 4 6 7 
14 12 2 2 3 5 7 1 4 6 0 
16 8 8 3 4 6 0 1 2 5 7 
16 12 4 1 3 6 0 2 4 5 7 
16 5 11 3 2 7 5 4 0 6 1 
16 5 11 3 7 0 5 4 2 6 1 
15 6 9 3 7 5 0 4 2 6 1 
15 7 8 3 7 5 1 4 2 6 0 
16 5 11 3 4 0 7 5 2 6 1 
16 6 10 3 0 7 5 1 4 2 6 
16 6 10 3 4 0 7 2 6 1 5 
15 7 8 3 4 1 7 2 6 0 5 
14 8 6 3 4 1 7 2 6 5 0 
16 8 8 3 4 6 5 1 2 7 0 
16 7 9 2 3 7 5 4 6 0 1 
16 12 4 1 3 6 5 2 4 7 0 
16 10 6 2 3 6 7 1 4 0 5 
15 11 4 2 3 6 7 1 4 5 0 
16 7 9 5 3 7 0 4 2 6 1 
16 8 8 3 4 5 6 1 2 0 7 
16 9 7 3 4 5 7 2 0 6 1 
16 8 8 3 4 5 1 2 0 6 7 
16 12 4 1 3 5 6 2 4 0 7 
16 10 6 1 3 0 7 4 2 6 5 
16 7 9 0 3 4 7 1 2 6 5 
16 7 9 0 3 7 5 1 4 2 6 
16 8 8 3 4 1 7 2 0 6 5 
16 8 8 2 3 7 5 4 6 1 0 
16 8 8 5 3 7 1 4 2 6 0 
16 8 8 1 3 4 7 0 2 6 5 
15 9 6 1 3 4 7 2 0 6 5 
16 10 6 5 3 4 7 1 2 6 0 
16 8 8 1 3 7 5 0 4 2 6 
16 10 6 1 3 4 7 5 2 6 0 
16 10 6 1 3 4 7 2 6 0 5 
15 11 4 1 3 4 7 2 6 5 0 
16 10 6 1 3 7 5 6 4 2 0 
17 6 11 0 4 7 5 1 2 6 3 
17 6 11 0 4 7 3 1 2 6 5 
17 7 10 3 4 7 6 1 2 0 5 
16 8 8 3 4 7 6 1 2 5 0 
17 7 10 3 4 0 5 2 6 1 7 
16 8 8 3 4 1 5 2 6 0 7 
16 8 8 3 4 5 0 2 6 1 7 
17 9 8 1 3 7 5 0 4 6 2 
17 11 6 1 3 7 6 2 4 0 5 
16 12 4 1 3 7 6 2 4 5 0 
17 7 10 0 7 5 3 2 4 6 1 
14 10 4 1 7 5 3 2 4 6 0 
17 8 9 3 7 5 6 2 4 0 1 
17 7 10 3 0 4 5 1 2 6 7 
17 8 9 2 3 7 0 5 4 6 1 
17 11 6 1 0 3 5 2 4 6 7 
17 7 10 3 4 6 7 1 0 2 5 
17 6 11 3 7 6 5 2 0 4 1 
17 8 9 5 0 3 7 2 4 6 1 
17 11 6 1 3 6 7 2 0 4 5 
17 9 8 2 3 0 5 1 4 7 6 
16 10 6 2 3 5 0 1 4 7 6 
17 9 8 2 3 7 5 1 0 4 6 
17 7 10 3 7 6 0 2 4 1 5 
17 6 11 4 3 7 5 0 2 6 1 
14 8 6 4 3 7 5 1 2 6 0 
17 11 6 1 3 0 5 4 2 6 7 
16 12 4 1 3 5 0 4 2 6 7 
15 13 2 1 3 5 7 4 2 6 0 
17 8 9 4 3 7 5 2 6 0 1 
17 7 10 3 2 4 7 1 0 6 5 
17 11 6 1 4 3 7 2 0 6 5 
17 11 6 2 3 6 5 1 4 0 7 
17 13 4 2 3 5 7 1 4 0 6 
17 6 11 3 2 7 5 4 6 0 1 
17 6 11 3 2 7 5 0 4 6 1 
14 8 6 3 2 7 5 1 4 6 0 
17 6 11 3 7 6 5 4 2 0 1 
17 6 11 3 4 6 7 5 2 0 1 
17 7 10 3 7 0 5 1 4 2 6 
16 8 8 3 7 5 0 1 4 2 6 
17 9 8 3 4 1 0 2 6 5 7 
17 8 9 5 3 0 7 4 2 6 1 
17 10 7 3 0 5 7 2 4 6 1 
17 9 8 3 0 5 1 2 4 6 7 
17 11 6 1 3 6 7 4 2 0 5 
16 12 4 1 3 6 7 4 2 5 0 
17 9 8 5 3 7 0 1 4 2 6 
17 9 8 3 0 1 7 2 4 6 5 
16 10 6 3 1 0 7 2 4 6 5 
17 9 8 1 3 7 5 4 0 2 6 
17 11 6 1 3 4 0 5 2 6 7 
17 11 6 1 3 0 7 2 6 4 5 
17 7 10 1 4 7 5 0 2 6 3 
15 9 6 1 4 7 5 3 2 6 0 
16 8 8 1 4 7 5 2 0 6 3 
17 7 10 1 4 7 3 0 2 6 5 
15 9 6 1 4 7 3 5 2 6 0 
16 8 8 1 4 7 3 2 0 6 5 
17 9 8 5 4 7 3 1 2 6 0 
17 9 8 3 4 7 0 1 2 5 6 
17 9 8 3 4 1 5 2 6 7 0 
17 9 8 3 4 1 5 2 0 6 7 
17 13 4 1 3 7 0 2 4 5 6 
17 11 6 1 7 5 0 2 4 6 3 
17 11 6 1 7 5 3 2 4 0 6 
17 9 8 3 7 5 6 2 4 1 0 
17 8 9 0 3 4 5 1 2 6 7 
17 9 8 2 3 7 1 5 4 6 0 
17 9 8 0 5 3 7 2 4 6 1 
14 12 2 1 5 3 7 2 4 6 0 
17 11 6 2 3 5 6 1 4 7 0 
17 13 4 2 3 5 7 1 4 0 6 
17 9 8 4 3 7 0 1 2 6 5 
17 9 8 4 3 7 5 1 2 0 6 
17 9 8 4 3 7 5 2 6 1 0 
17 7 10 3 2 7 5 4 6 1 0 
17 9 8 3 2 7 0 1 4 6 5 
17 9 8 3 2 7 5 1 4 0 6 
17 7 10 3 7 6 5 4 2 1 0 
17 7 10 3 4 6 7 5 2 1 0 
17 9 8 3 7 5 6 1 4 2 0 
17 11 6 0 3 5 7 2 4 6 1 
17 10 7 0 3 5 1 2 4 6 7 
17 10 7 0 3 1 7 2 4 6 5 
17 11 6 3 1 6 7 2 4 0 5 
16 12 4 3 1 6 7 2 4 5 0 
17 11 6 3 1 7 0 2 4 6 5 
16 12 4 3 1 7 5 2 4 6 0 
17 9 8 1 4 7 5 2 6 0 3 
16 10 6 1 4 7 5 2 6 3 0 
17 9 8 1 0 7 5 2 4 6 3 
17 9 8 1 4 7 3 2 6 0 5 
16 10 6 1 4 7 3 2 6 5 0 
17 9 8 1 0 7 3 2 4 6 5 
17 9 8 1 3 4 5 0 2 6 7 
16 10 6 1 3 4 5 2 0 6 7 
17 13 4 1 5 3 0 2 4 6 7 
17 13 4 1 5 3 7 2 4 0 6 
16 13 3 5 3 1 7 2 4 6 0 
16 7 9 1 3 4 5 2 6 0 7 
18 9 9 5 3 7 6 2 4 0 1 
18 10 8 5 3 0 1 2 4 6 7 
17 11 6 5 3 1 0 2 4 6 7 
16 12 4 5 3 1 7 2 4 6 0 
18 9 9 0 4 5 3 1 2 6 7 
18 10 8 3 4 0 7 1 2 5 6 
18 14 4 1 3 0 7 2 4 5 6 
18 6 12 0 4 7 3 5 2 6 1 
18 6 12 3 0 4 5 1 2 7 6 
18 6 12 3 4 7 5 0 1 2 6 
18 5 13 3 0 4 5 2 6 7 1 
18 8 10 3 4 7 1 2 6 0 5 
17 9 8 3 4 7 1 2 6 5 0 
18 10 8 1 0 3 5 2 4 7 6 
18 10 8 1 0 7 5 2 3 4 6 
18 10 8 1 3 7 5 0 2 4 6 
18 8 10 3 7 0 1 2 4 5 6 
17 9 8 3 7 1 0 2 4 5 6 
18 8 10 3 7 5 1 2 0 4 6 
18 8 10 3 4 6 5 1 0 2 7 
18 10 8 3 4 0 7 1 2 5 6 
18 10 8 3 4 5 7 1 0 2 6 
18 7 11 2 0 7 5 4 3 6 1 
18 12 6 1 3 6 5 2 0 4 7 
18 14 4 1 3 0 7 2 4 5 6 
18 14 4 1 3 5 7 2 0 4 6 
18 9 9 5 3 6 7 2 0 4 1 
18 10 8 2 0 3 7 1 4 6 5 
18 10 8 1 3 7 5 0 2 6 4 
17 11 6 1 3 7 5 2 0 6 4 
18 6 12 3 4 7 1 5 2 0 6 
18 10 8 3 4 0 7 1 2 5 6 
18 10 8 3 4 5 7 1 0 2 6 
18 9 9 3 4 0 7 2 6 5 1 
18 8 10 3 4 0 1 2 6 5 7 
18 14 4 1 3 0 7 2 4 5 6 
18 14 4 1 3 5 7 2 0 4 6 
18 10 8 5 3 6 0 2 4 1 7 
18 10 8 1 3 0 5 4 2 7 6 
17 11 6 1 3 5 0 4 2 7 6 
18 11 7 0 1 3 7 2 4 6 5 
18 8 10 3 7 5 1 4 2 0 6 
18 8 10 3 4 0 7 2 6 1 5 
18 12 6 2 3 6 0 1 4 5 7 
18 10 8 2 3 4 7 1 0 6 5 
18 10 8 6 3 7 5 1 4 2 0 
18 10 8 1 0 4 7 2 3 6 5 
17 11 6 1 4 0 7 2 3 6 5 
18 12 6 1 3 4 0 2 6 5 7 
18 8 10 5 4 7 0 1 2 6 3 
18 10 8 1 3 7 5 4 0 6 2 
18 8 10 3 2 4 5 1 0 6 7 
18 9 9 2 3 0 7 5 4 6 1 
18 12 6 1 4 3 5 2 0 6 7 
18 8 10 3 0 6 7 1 4 2 5 
18 9 9 5 4 3 7 2 0 6 1 
18 12 6 1 3 6 5 4 2 0 7 
18 14 4 1 3 5 7 4 2 0 6 
18 8 10 3 2 4 7 1 6 0 5 
17 9 8 3 2 4 7 1 6 5 0 
18 12 6 1 4 3 7 2 6 0 5 
17 13 4 1 4 3 7 2 6 5 0 
18 12 6 2 3 6 5 1 4 7 0 
18 8 10 3 7 2 5 1 4 0 6 
17 9 8 3 7 2 5 1 4 6 0 
18 9 9 5 3 6 7 4 2 0 1 
18 11 7 3 5 0 7 2 4 6 1 
18 10 8 3 5 0 1 2 4 6 7 
17 11 6 3 5 1 0 2 4 6 7 
16 12 4 3 5 1 7 2 4 6 0 
18 10 8 5 3 7 6 1 4 2 0 
18 10 8 5 3 0 7 1 4 2 6 
18 12 6 1 3 0 4 5 2 6 7 
18 12 6 1 3 7 0 2 6 4 5 
17 13 4 1 3 7 5 2 6 4 0 
18 10 8 1 4 7 0 5 2 6 3 
18 10 8 1 4 7 0 3 2 6 5 
18 10 8 1 4 7 5 3 2 0 6 
18 10 8 1 4 7 0 3 2 6 5 
18 10 8 1 4 7 0 5 2 6 3 
18 10 8 1 4 7 3 5 2 0 6 
18 10 8 3 4 0 7 1 2 5 6 
18 10 8 3 0 1 5 2 4 6 7 
17 11 6 3 1 0 5 2 4 6 7 
16 12 4 3 1 5 0 2 4 6 7 
15 13 2 3 1 5 7 2 4 6 0 
18 14 4 1 3 0 7 2 4 5 6 
18 10 8 3 7 5 0 2 4 1 6 
18 10 8 5 3 4 0 1 2 6 7 
18 12 6 2 3 5 6 1 4 0 7 
18 10 8 4 3 0 7 1 2 6 5 
18 10 8 3 2 0 7 1 4 6 5 
18 10 8 1 7 0 5 2 4 6 3 
18 10 8 1 7 0 3 2 4 6 5 
17 11 6 1 7 3 0 2 4 6 5 
16 12 4 1 7 3 5 2 4 6 0 
18 11 7 1 3 4 5 7 2 6 0 
15 6 9 1 3 4 5 2 6 7 0 
17 10 7 1 3 0 5 2 6 4 7 
16 11 5 1 3 5 0 2 6 4 7 
15 12 3 1 3 5 7 2 6 4 0 
18 10 8 5 3 7 6 2 4 1 0 
18 10 8 1 4 5 3 0 2 6 7 
17 11 6 1 4 5 3 2 0 6 7 
18 7 11 3 2 4 5 1 0 7 6 
18 7 11 0 3 4 5 1 2 7 6 
17 9 8 5 3 4 0 1 2 7 6 
18 8 10 3 4 7 5 6 1 2 0 
18 6 12 0 3 4 5 2 6 7 1 
15 9 6 1 3 4 5 2 6 7 0 
16 10 6 1 3 4 5 2 6 0 7 
17 8 9 5 3 4 0 2 6 7 1 
17 11 6 1 3 0 5 2 6 4 7 
16 12 4 1 3 5 0 2 6 4 7 
15 13 2 1 3 5 7 2 6 4 0 
17 11 6 1 3 0 5 2 6 4 7 
17 9 8 5 3 4 1 2 6 7 0 
18 12 6 1 3 7 5 6 2 4 0 
18 10 8 3 7 1 6 2 4 5 0 
18 12 6 1 3 7 5 2 6 0 4 
18 12 6 1 3 5 6 4 2 7 0 
18 14 4 1 3 5 7 4 2 0 6 
18 14 4 5 1 3 7 2 4 6 0 
18 12 6 1 4 6 7 2 3 0 5 
17 13 4 1 4 6 7 2 3 5 0 
18 12 6 1 4 7 0 2 3 6 5 
17 13 4 1 4 7 5 2 3 6 0 
18 9 9 3 2 4 5 1 6 0 7 
17 10 7 3 2 4 5 1 6 7 0 
18 9 9 0 3 6 7 1 4 2 5 
18 10 8 3 2 4 0 1 6 5 7 
18 10 8 5 3 6 7 4 2 1 0 
18 11 7 0 3 1 5 2 4 6 7 
18 12 6 3 1 6 5 2 4 0 7 
18 14 4 3 1 5 7 2 4 0 6 
17 8 9 1 4 5 3 2 6 0 7 
18 12 6 1 0 5 3 2 4 6 7 
18 8 10 1 3 4 5 0 2 7 6 
17 9 8 1 3 4 5 2 0 7 6 
17 10 7 1 3 4 5 6 2 7 0 
17 11 6 1 3 4 0 5 2 7 6 
18 10 8 5 3 4 6 1 2 7 0 
18 10 8 5 3 0 4 1 2 7 6 
18 10 8 1 3 4 0 2 6 7 5 
18 9 9 5 3 0 4 2 6 7 1 
18 14 4 1 3 5 7 2 6 0 4 
18 10 8 1 3 6 7 0 4 2 5 
18 12 6 5 3 6 7 1 4 2 0 
18 10 8 1 3 4 5 2 7 0 6 
17 11 6 1 3 4 5 2 7 6 0 
18 12 6 1 3 4 6 5 2 7 0 
18 12 6 1 3 0 4 5 2 7 6 
18 12 6 1 3 6 7 5 4 2 0 
19 7 12 3 4 7 1 0 2 6 5 
18 8 10 3 4 7 1 2 0 6 5 
19 10 9 0 3 7 1 2 4 6 5 
19 9 10 3 7 0 1 2 4 6 5 
18 10 8 3 7 1 0 2 4 6 5 
17 11 6 3 7 1 5 2 4 6 0 
19 10 9 0 3 7 1 2 4 6 5 
19 10 9 3 4 5 7 0 2 6 1 
19 8 11 2 0 7 5 3 4 6 1 
19 10 9 0 3 7 5 1 4 6 2 
19 11 8 2 3 7 6 1 4 0 5 
18 12 6 2 3 7 6 1 4 5 0 
19 9 10 3 7 0 5 2 4 1 6 
18 10 8 3 7 1 5 2 4 0 6 
19 8 11 0 4 5 3 1 2 7 6 
19 7 12 0 4 5 3 2 6 7 1 
16 10 6 1 4 5 3 2 6 7 0 
17 11 6 1 4 5 3 2 6 0 7 
19 7 12 3 4 7 1 0 2 6 5 
19 8 11 4 0 7 5 2 3 6 1 
19 8 11 4 3 7 5 0 2 6 1 
19 9 10 5 3 0 1 2 4 7 6 
18 10 8 5 3 1 0 2 4 7 6 
19 9 10 5 3 7 1 2 0 4 6 
19 11 8 2 0 3 5 1 4 6 7 
19 9 10 3 4 0 6 1 2 5 7 
19 13 6 1 3 0 6 2 4 5 7 
19 6 13 3 0 4 7 5 2 6 1 
18 7 11 3 2 4 7 5 0 6 1 
17 8 9 3 2 4 7 5 6 0 1 
17 9 8 3 2 4 7 5 6 1 0 
18 10 8 3 2 4 0 5 6 1 7 
19 7 12 3 0 4 7 2 6 1 5 
19 9 10 3 4 6 0 1 2 7 5 
19 8 11 2 3 0 5 4 6 7 1 
18 9 9 2 3 5 0 4 6 7 1 
18 10 8 2 3 5 1 4 6 7 0 
19 13 6 1 3 6 0 2 4 7 5 
19 11 8 2 3 6 7 1 0 4 5 
19 9 10 3 4 0 6 1 2 5 7 
19 9 10 3 4 5 6 1 0 2 7 
19 10 9 3 4 5 7 0 2 6 1 
19 9 10 3 4 5 1 0 2 6 7 
19 13 6 1 3 0 6 2 4 5 7 
19 13 6 1 3 5 6 2 0 4 7 
19 11 8 1 0 3 7 4 2 6 5 
19 9 10 7 3 4 0 1 2 6 5 
18 10 8 7 3 4 5 1 2 6 0 
19 9 10 3 4 1 7 0 2 6 5 
19 9 10 2 3 7 0 4 6 1 5 
19 9 10 5 3 7 1 4 2 0 6 
19 11 8 5 3 4 7 1 2 0 6 
19 11 8 1 3 7 0 5 4 2 6 
19 11 8 1 3 4 7 5 2 0 6 
19 11 8 1 3 7 0 6 4 2 5 
19 11 8 1 3 7 5 6 4 0 2 
19 7 12 4 0 7 5 1 2 6 3 
19 9 10 2 4 7 5 1 0 6 3 
19 7 12 4 0 7 3 1 2 6 5 
19 9 10 2 4 7 3 1 0 6 5 
19 10 9 0 3 7 5 1 4 6 2 
19 8 11 2 7 5 3 0 4 6 1 
16 10 6 2 7 5 3 1 4 6 0 
19 8 11 7 0 5 3 2 4 6 1 
19 12 7 0 1 3 5 2 4 6 7 
19 11 8 4 3 0 5 1 2 6 7 
18 12 6 4 3 5 0 1 2 6 7 
17 13 4 4 3 5 7 1 2 6 0 
19 7 12 0 2 7 5 3 4 6 1 
16 10 6 1 2 7 5 3 4 6 0 
19 11 8 3 2 0 5 1 4 6 7 
18 12 6 3 2 5 0 1 4 6 7 
17 13 4 3 2 5 7 1 4 6 0 
19 13 6 1 3 6 0 4 2 5 7 
19 11 8 2 3 4 5 1 0 6 7 
19 10 9 2 5 3 7 0 4 6 1 
16 12 4 2 5 3 7 1 4 6 0 
19 12 7 2 3 5 7 0 4 6 1 
19 11 8 2 3 5 1 0 4 6 7 
19 13 6 7 3 5 1 2 4 6 0 
19 11 8 2 3 1 7 0 4 6 5 
19 13 6 3 1 6 0 2 4 5 7 
19 13 6 3 1 7 5 2 4 0 6 
19 11 8 1 4 7 0 2 6 3 5 
19 10 9 0 1 7 5 2 4 6 3 
19 11 8 1 4 7 0 2 6 5 3 
19 10 9 0 1 7 3 2 4 6 5 
19 11 8 1 0 4 5 2 3 6 7 
18 12 6 1 4 0 5 2 3 6 7 
17 13 4 1 4 5 0 2 3 6 7 
16 14 2 1 4 5 7 2 3 6 0 
19 11 8 5 3 6 1 2 4 0 7 
19 13 6 5 3 1 7 2 4 0 6 
19 6 13 3 6 4 5 2 0 7 1 
19 10 9 3 4 7 0 2 6 5 1 
19 11 8 1 4 3 5 2 0 7 6 
19 11 8 1 7 0 5 2 3 4 6 
18 12 6 1 7 5 0 2 3 4 6 
19 9 10 3 0 7 1 2 4 5 6 
19 9 10 3 0 6 5 1 4 2 7 
19 11 8 3 0 5 7 1 4 2 6 
19 8 11 2 7 0 5 4 3 6 1 
18 9 9 2 7 5 0 4 3 6 1 
18 10 8 2 7 5 1 4 3 6 0 
19 11 8 2 4 3 7 1 0 6 5 
19 13 6 1 3 7 0 5 2 6 4 
18 14 4 1 3 7 4 5 2 6 0 
19 7 12 3 4 0 1 5 2 7 6 
18 8 10 3 4 1 0 5 2 7 6 
19 11 8 3 0 5 7 1 4 2 6 
19 10 9 3 4 7 0 2 6 5 1 
19 11 8 2 3 4 7 1 6 0 5 
18 12 6 2 3 4 7 1 6 5 0 
19 9 10 5 4 0 7 1 2 6 3 
19 11 8 1 3 7 5 4 6 0 2 
18 12 6 1 3 7 5 4 6 2 0 
19 10 9 2 3 6 7 5 4 0 1 
19 13 6 1 4 3 5 2 6 0 7 
19 9 10 3 6 0 7 1 4 2 5 
19 10 9 5 4 3 7 2 6 0 1 
19 13 6 1 3 6 5 4 2 7 0 
19 9 10 3 2 0 7 1 6 4 5 
19 12 7 3 5 6 7 2 4 0 1 
19 12 7 3 5 7 0 2 4 6 1 
19 11 8 3 5 6 1 2 4 0 7 
19 13 6 3 5 1 7 2 4 0 6 
19 11 8 5 3 2 7 1 4 0 6 
18 12 6 5 3 2 7 1 4 6 0 
19 13 6 1 3 6 4 5 2 0 7 
18 14 4 1 3 6 4 5 2 7 0 
19 13 6 1 0 3 4 5 2 6 7 
18 14 4 1 2 3 4 5 0 6 7 
17 15 2 1 2 3 4 5 6 0 7 
16 16 0 1 2 3 4 5 6 7 0 
