12 0 12 4 5 3 2 7 1 6 0 
14 1 13 4 5 3 0 7 1 6 2 
14 2 12 4 5 3 2 7 1 6 0 
16 3 13 0 5 3 4 7 1 6 2 
14 6 8 2 5 3 4 7 1 6 0 
16 4 12 4 5 3 7 0 1 6 2 
12 6 6 4 5 3 7 2 1 6 0 
15 5 10 4 5 3 7 1 0 6 2 
15 7 8 4 5 3 0 2 1 6 7 
15 7 8 4 5 3 7 2 1 0 6 
16 4 12 5 0 3 4 7 1 6 2 
15 5 10 5 1 3 4 7 0 6 2 
14 6 8 5 1 3 4 7 6 0 2 
13 7 6 5 1 3 4 7 6 2 0 
16 6 10 1 5 3 4 7 0 6 2 
15 7 8 1 5 3 4 7 6 0 2 
14 8 6 1 5 3 4 7 6 2 0 
16 5 11 0 5 3 7 4 1 6 2 
14 8 6 2 5 3 7 4 1 6 0 
16 6 10 4 5 3 7 1 6 0 2 
15 7 8 4 5 3 7 1 6 2 0 
16 6 10 5 1 3 4 0 7 6 2 
14 8 6 5 1 3 4 2 7 6 0 
16 8 8 5 1 3 0 7 6 2 4 
16 8 8 1 5 3 7 4 0 6 2 
16 7 9 0 1 3 4 5 7 6 2 
14 10 4 2 1 3 4 5 7 6 0 
16 8 8 1 0 3 4 5 7 6 2 
17 2 15 4 5 0 3 7 1 6 2 
17 3 14 4 5 3 2 7 1 0 6 
17 4 13 4 5 3 2 0 1 6 7 
16 5 11 4 5 3 2 1 0 6 7 
16 6 10 4 5 3 2 1 6 0 7 
15 7 8 4 5 3 2 1 6 7 0 
17 7 10 2 5 3 0 7 1 6 4 
17 7 10 2 5 3 4 7 1 0 6 
17 5 12 5 3 0 4 7 1 6 2 
17 7 10 5 1 0 4 7 6 3 2 
17 9 8 5 1 3 4 0 6 2 7 
17 7 10 1 0 3 4 7 5 6 2 
17 7 10 1 5 3 4 0 7 6 2 
15 9 6 1 5 3 4 2 7 6 0 
17 9 8 1 5 3 0 7 6 2 4 
15 5 10 2 5 3 0 4 1 6 7 
17 9 8 2 5 3 7 4 1 0 6 
17 9 8 5 1 3 0 2 7 6 4 
17 9 8 5 1 3 4 2 7 0 6 
17 9 8 1 5 3 7 4 6 0 2 
16 10 6 1 5 3 7 4 6 2 0 
17 9 8 1 5 3 7 0 4 6 2 
13 11 2 1 5 3 7 2 4 6 0 
16 12 4 1 5 3 0 2 4 6 7 
16 12 4 1 5 3 7 2 4 0 6 
17 11 6 2 1 3 0 5 7 6 4 
17 11 6 2 1 3 4 5 7 0 6 
17 9 8 1 7 3 4 5 0 6 2 
16 10 6 1 7 3 4 5 6 0 2 
15 11 4 1 7 3 4 5 6 2 0 
17 9 8 1 3 0 4 5 7 6 2 
17 5 12 0 5 3 2 4 1 6 7 
15 7 8 2 5 3 0 4 1 6 7 
17 10 7 0 1 3 4 5 6 2 7 
17 8 9 1 5 3 2 4 0 6 7 
17 11 6 1 0 3 4 5 6 2 7 
18 5 13 0 5 3 2 7 1 6 4 
18 4 14 7 5 3 4 0 1 6 2 
16 6 10 7 5 3 4 2 1 6 0 
17 5 12 7 5 3 4 1 0 6 2 
16 6 10 7 5 3 4 1 6 0 2 
15 7 8 7 5 3 4 1 6 2 0 
17 7 10 7 5 3 0 2 1 6 4 
18 8 10 2 5 3 4 0 1 6 7 
17 9 8 2 5 3 4 1 0 6 7 
16 10 6 2 5 3 4 1 6 0 7 
15 11 4 2 5 3 4 1 6 7 0 
18 9 9 0 5 3 7 2 1 6 4 
18 6 12 4 0 3 7 1 5 6 2 
17 7 10 4 3 0 7 1 5 6 2 
18 8 10 4 5 0 3 2 1 6 7 
18 8 10 4 5 0 7 2 1 3 6 
18 8 10 4 5 3 7 2 0 1 6 
18 8 10 1 5 0 4 7 6 3 2 
18 10 8 1 5 3 4 0 6 2 7 
18 6 12 5 0 3 7 4 1 6 2 
17 7 10 5 1 3 7 4 0 6 2 
17 7 10 5 3 0 7 4 1 6 2 
18 8 10 4 5 3 0 1 6 2 7 
18 3 15 4 5 6 3 7 1 0 2 
17 4 13 4 5 6 3 7 1 2 0 
18 3 15 4 0 5 3 7 1 6 2 
17 4 13 4 1 5 3 7 0 6 2 
18 6 12 4 0 3 2 1 5 6 7 
18 8 10 4 5 3 0 1 6 7 2 
18 6 12 5 3 6 4 7 1 0 2 
17 7 10 5 3 6 4 7 1 2 0 
18 6 12 5 3 4 0 7 1 6 2 
17 7 10 5 3 4 2 7 1 6 0 
18 8 10 5 1 4 0 7 6 3 2 
17 9 8 5 1 4 2 7 6 3 0 
18 10 8 5 1 3 4 6 0 2 7 
17 11 6 5 1 3 4 6 2 0 7 
16 12 4 5 1 3 4 6 2 7 0 
18 8 10 1 3 0 4 7 5 6 2 
18 10 8 1 5 3 0 2 7 6 4 
18 10 8 1 5 3 4 2 7 0 6 
18 10 8 5 1 3 4 2 0 7 6 
18 12 6 2 1 3 4 5 0 7 6 
18 12 6 1 7 3 0 5 6 2 4 
18 10 8 1 3 6 4 5 7 0 2 
17 11 6 1 3 6 4 5 7 2 0 
18 10 8 1 3 4 0 5 7 6 2 
17 11 6 1 3 4 2 5 7 6 0 
18 8 10 2 5 0 3 4 1 6 7 
18 9 9 1 5 3 2 4 6 0 7 
17 10 7 1 5 3 2 4 6 7 0 
18 9 9 1 5 3 2 0 4 6 7 
18 12 6 1 6 3 4 5 0 2 7 
17 13 4 1 6 3 4 5 2 0 7 
16 14 2 1 6 3 4 5 2 7 0 
18 12 6 1 3 0 4 5 6 2 7 
17 13 4 1 3 2 4 5 6 0 7 
16 14 2 1 3 2 4 5 6 7 0 
18 6 12 5 0 3 2 7 1 6 4 
17 7 10 5 1 3 2 7 0 6 4 
16 8 8 5 1 3 2 7 6 0 4 
17 9 8 5 1 3 2 7 6 4 0 
18 8 10 1 5 3 2 7 0 6 4 
17 9 8 1 5 3 2 7 6 0 4 
18 6 12 7 0 3 4 1 5 6 2 
18 8 10 7 5 3 0 1 6 2 4 
18 9 9 0 5 3 7 2 1 6 4 
18 10 8 2 0 3 4 1 5 6 7 
18 12 6 2 5 3 0 1 6 7 4 
18 12 6 1 5 3 7 2 0 6 4 
18 7 11 0 4 3 7 1 5 6 2 
16 10 6 2 4 3 7 1 5 6 0 
18 8 10 4 3 6 7 1 5 0 2 
17 9 8 4 3 6 7 1 5 2 0 
18 8 10 4 3 7 0 1 5 6 2 
18 8 10 5 1 3 7 4 6 0 2 
17 9 8 5 1 3 7 4 6 2 0 
18 8 10 5 1 3 7 0 4 6 2 
14 10 4 5 1 3 7 2 4 6 0 
17 11 6 5 1 3 0 2 4 6 7 
17 11 6 5 1 3 7 2 4 0 6 
18 8 10 5 3 6 7 4 1 0 2 
17 9 8 5 3 6 7 4 1 2 0 
18 8 10 5 3 7 0 4 1 6 2 
18 4 14 0 4 5 3 7 1 6 2 
16 7 9 2 4 5 3 7 1 6 0 
17 6 11 3 4 5 0 7 1 6 2 
17 7 10 3 4 5 2 7 1 6 0 
18 5 13 4 1 5 3 7 6 0 2 
17 6 11 4 1 5 3 7 6 2 0 
18 7 11 4 3 0 2 1 5 6 7 
18 7 11 0 4 3 2 1 5 6 7 
17 9 8 2 4 3 0 1 5 6 7 
18 8 10 5 1 3 2 0 7 6 4 
18 10 8 1 5 3 2 7 6 4 0 
18 7 11 0 7 3 4 1 5 6 2 
16 10 6 2 7 3 4 1 5 6 0 
18 12 6 1 5 3 7 2 0 6 4 
18 11 7 0 2 3 4 1 5 6 7 
18 8 10 1 4 3 7 0 5 6 2 
14 10 4 1 4 3 7 2 5 6 0 
17 11 6 1 4 3 0 2 5 6 7 
17 11 6 1 4 3 7 2 5 0 6 
18 9 9 4 3 7 2 1 5 6 0 
18 9 9 5 3 7 2 4 1 6 0 
18 7 11 1 4 5 3 7 0 6 2 
18 8 10 4 3 2 0 1 5 6 7 
17 9 8 4 3 2 7 1 5 6 0 
18 8 10 1 4 3 2 0 5 6 7 
17 9 8 1 4 3 2 5 0 6 7 
16 10 6 1 4 3 2 5 6 0 7 
15 11 4 1 4 3 2 5 6 7 0 
18 9 9 0 1 3 2 5 7 6 4 
18 8 10 1 7 3 4 0 5 6 2 
16 10 6 1 7 3 4 2 5 6 0 
18 12 6 1 2 3 4 0 5 6 7 
17 13 4 1 2 3 4 5 0 6 7 
16 14 2 1 2 3 4 5 6 0 7 
15 15 0 1 2 3 4 5 6 7 0 
