8 0 8 2 7 1 3 5 6 0 4 
9 1 8 2 7 1 3 5 6 4 0 
12 2 10 2 7 1 0 5 6 4 3 
13 5 8 2 7 1 4 5 6 0 3 
12 6 6 2 7 1 4 5 6 3 0 
15 4 11 2 7 0 3 5 6 4 1 
14 5 9 2 7 4 3 5 6 0 1 
14 5 9 2 7 3 0 5 6 4 1 
14 6 8 2 7 4 3 5 6 1 0 
14 6 8 2 7 3 1 5 6 4 0 
15 7 8 2 7 1 0 5 6 3 4 
15 8 7 2 7 3 4 5 6 0 1 
15 7 8 2 7 3 1 5 6 0 4 
15 9 6 2 7 3 4 5 6 1 0 
16 6 10 2 7 1 4 5 0 6 3 
16 5 11 2 0 7 3 5 6 4 1 
16 6 10 0 2 7 3 5 6 4 1 
13 9 4 1 2 7 3 5 6 4 0 
14 10 4 1 2 7 3 5 6 0 4 
15 11 4 1 2 0 3 5 6 7 4 
14 12 2 1 2 3 0 5 6 7 4 
13 13 0 1 2 3 4 5 6 7 0 
