13 0 13 3 5 2 0 7 6 4 1 
13 1 12 3 5 2 1 7 6 4 0 
14 2 12 3 5 2 1 7 6 0 4 
15 2 13 3 5 2 0 7 6 4 1 
16 5 11 3 5 2 4 7 6 0 1 
16 6 10 3 5 2 4 7 6 1 0 
17 3 14 3 5 2 1 0 6 4 7 
16 6 10 3 5 2 0 1 6 4 7 
15 7 8 3 5 2 7 1 6 4 0 
17 3 14 3 5 0 1 7 6 2 4 
16 4 12 3 5 1 0 7 6 2 4 
15 5 10 3 5 1 4 7 6 2 0 
17 3 14 3 5 2 1 7 0 6 4 
17 9 8 3 5 2 4 1 6 0 7 
16 10 6 3 5 2 4 1 6 7 0 
18 3 15 3 5 0 2 7 6 4 1 
17 4 13 3 5 4 2 7 6 0 1 
17 5 12 3 5 4 2 7 6 1 0 
18 4 14 0 5 2 3 7 6 4 1 
15 7 8 1 5 2 3 7 6 4 0 
16 8 8 1 5 2 3 7 6 0 4 
18 4 14 3 5 2 1 6 0 4 7 
17 5 12 3 5 2 1 6 4 0 7 
18 6 12 3 0 2 1 5 6 4 7 
17 7 10 3 2 0 1 5 6 4 7 
16 8 8 3 2 4 1 5 6 0 7 
15 9 6 3 2 4 1 5 6 7 0 
16 8 8 3 2 1 0 5 6 4 7 
17 10 7 3 2 4 0 5 6 7 1 
17 9 8 3 2 1 7 5 6 4 0 
17 11 6 3 2 1 4 5 6 0 7 
16 12 4 3 2 1 4 5 6 7 0 
18 7 11 3 5 0 2 1 6 4 7 
18 8 10 3 5 2 7 1 6 0 4 
18 6 12 3 5 1 4 7 6 0 2 
18 4 14 3 0 2 1 7 5 6 4 
17 5 12 3 2 0 1 7 5 6 4 
16 6 10 3 2 1 0 7 5 6 4 
15 7 8 3 2 1 4 7 5 6 0 
18 4 14 3 5 2 1 0 7 6 4 
17 7 10 3 5 2 0 1 7 6 4 
16 8 8 3 5 2 4 1 7 6 0 
18 5 13 5 0 2 3 7 6 4 1 
17 6 11 5 2 0 3 7 6 4 1 
16 7 9 5 2 4 3 7 6 0 1 
16 7 9 5 2 3 0 7 6 4 1 
16 8 8 5 2 4 3 7 6 1 0 
16 8 8 5 2 3 1 7 6 4 0 
17 10 7 5 2 3 4 7 6 0 1 
17 9 8 5 2 3 1 7 6 0 4 
17 11 6 5 2 3 4 7 6 1 0 
18 8 10 1 5 2 0 7 6 4 3 
18 6 12 3 5 2 1 6 4 7 0 
18 6 12 3 5 0 1 6 4 2 7 
17 7 10 3 5 1 0 6 4 2 7 
16 8 8 3 5 1 7 6 4 2 0 
18 7 11 0 3 2 1 5 6 4 7 
15 9 6 1 3 2 0 5 6 4 7 
16 10 6 1 3 2 7 5 6 4 0 
16 12 4 1 3 2 4 5 6 0 7 
15 13 2 1 3 2 4 5 6 7 0 
17 11 6 1 3 2 7 5 6 0 4 
18 10 8 3 2 1 7 5 6 0 4 
18 8 10 3 5 4 2 1 6 0 7 
17 9 8 3 5 4 2 1 6 7 0 
18 5 13 0 3 2 1 7 5 6 4 
15 7 8 1 3 2 0 7 5 6 4 
14 8 6 1 3 2 4 7 5 6 0 
17 9 8 1 3 2 4 7 5 0 6 
18 6 12 3 2 6 1 7 5 0 4 
18 8 10 3 2 1 4 7 5 0 6 
18 6 12 3 5 2 1 4 7 6 0 
18 10 8 1 3 0 2 5 6 4 7 
17 11 6 1 3 4 2 5 6 0 7 
16 12 4 1 3 4 2 5 6 7 0 
18 14 4 1 3 2 0 5 6 7 4 
18 8 10 1 3 0 2 7 5 6 4 
18 10 8 1 3 2 4 0 5 6 7 
17 11 6 1 3 2 4 5 0 6 7 
19 4 15 3 5 0 1 7 6 4 2 
18 5 13 3 5 1 0 7 6 4 2 
18 6 12 3 5 1 2 7 6 4 0 
19 6 13 3 5 2 4 7 0 6 1 
19 7 12 3 5 2 0 7 6 1 4 
19 4 15 0 5 2 1 3 6 4 7 
16 6 10 1 5 2 0 3 6 4 7 
15 7 8 1 5 2 7 3 6 4 0 
17 9 8 1 5 2 4 3 6 0 7 
16 10 6 1 5 2 4 3 6 7 0 
18 7 11 1 5 0 2 3 6 4 7 
18 8 10 1 5 2 7 3 6 0 4 
18 8 10 1 5 4 2 3 6 0 7 
17 9 8 1 5 4 2 3 6 7 0 
19 8 11 0 5 2 3 1 6 4 7 
19 4 15 3 0 5 1 7 6 2 4 
19 6 13 0 5 1 3 7 6 2 4 
19 7 12 3 5 1 2 7 6 0 4 
19 7 12 3 5 1 7 0 6 2 4 
17 9 8 3 5 1 7 4 6 2 0 
19 7 12 3 5 1 4 0 6 2 7 
19 11 8 3 5 2 0 1 6 7 4 
19 4 15 3 0 5 2 7 6 4 1 
19 9 10 1 5 2 3 0 6 4 7 
19 9 10 1 5 0 3 7 6 2 4 
18 10 8 1 5 3 0 7 6 2 4 
17 11 6 1 5 3 4 7 6 2 0 
19 9 10 1 5 2 3 7 0 6 4 
19 5 14 3 0 2 1 6 5 4 7 
18 6 12 3 2 0 1 6 5 4 7 
17 7 10 3 2 4 1 6 5 0 7 
16 8 8 3 2 4 1 6 5 7 0 
17 7 10 3 2 1 0 6 5 4 7 
18 9 9 3 2 4 0 6 5 7 1 
18 8 10 3 2 1 7 6 5 4 0 
18 10 8 3 2 1 4 6 5 0 7 
17 11 6 3 2 1 4 6 5 7 0 
19 7 12 3 6 2 1 5 0 4 7 
19 9 10 3 2 4 1 5 0 6 7 
19 10 9 0 2 1 3 5 6 4 7 
19 13 6 3 2 1 0 5 6 7 4 
19 8 11 3 0 5 2 1 6 4 7 
19 9 10 3 5 0 7 1 6 2 4 
19 9 10 3 5 2 7 1 0 6 4 
19 8 11 0 2 1 3 7 5 6 4 
19 9 10 3 2 1 4 0 5 6 7 
18 10 8 3 2 1 4 5 0 6 7 
19 7 12 3 0 2 1 5 7 6 4 
18 8 10 3 2 0 1 5 7 6 4 
17 9 8 3 2 1 0 5 7 6 4 
16 10 6 3 2 1 4 5 7 6 0 
19 9 10 3 5 2 4 1 7 0 6 
19 6 13 5 6 2 3 7 0 4 1 
19 8 11 5 2 4 3 7 0 6 1 
19 9 10 5 2 4 0 7 6 1 3 
19 11 8 1 5 2 4 7 6 0 3 
18 12 6 1 5 2 4 7 6 3 0 
19 7 12 3 0 5 1 6 4 2 7 
19 9 10 3 5 1 7 6 4 0 2 
19 13 6 1 3 0 4 5 6 2 7 
19 13 6 1 3 2 4 5 0 6 7 
19 7 12 3 2 6 1 7 5 4 0 
19 11 8 1 0 3 2 5 6 4 7 
19 13 6 1 3 4 0 5 6 7 2 
19 9 10 1 3 6 2 7 5 0 4 
19 9 10 1 0 3 2 7 5 6 4 
19 5 14 3 5 4 1 7 6 0 2 
18 6 12 3 5 4 1 7 6 2 0 
19 7 12 3 5 1 2 7 6 0 4 
19 5 14 5 0 2 1 3 6 4 7 
18 6 12 5 2 0 1 3 6 4 7 
17 7 10 5 2 4 1 3 6 0 7 
16 8 8 5 2 4 1 3 6 7 0 
17 7 10 5 2 1 0 3 6 4 7 
18 9 9 5 2 4 0 3 6 7 1 
18 8 10 5 2 1 7 3 6 4 0 
18 10 8 5 2 1 4 3 6 0 7 
17 11 6 5 2 1 4 3 6 7 0 
19 9 10 1 5 2 3 0 6 4 7 
19 11 8 1 5 2 0 3 6 7 4 
19 8 11 1 0 5 2 3 6 4 7 
19 9 10 1 5 0 7 3 6 2 4 
19 9 10 1 5 2 7 3 0 6 4 
19 9 10 1 5 2 3 0 6 4 7 
19 9 10 5 0 2 3 1 6 4 7 
18 10 8 5 2 0 3 1 6 4 7 
17 11 6 5 2 4 3 1 6 0 7 
16 12 4 5 2 4 3 1 6 7 0 
17 11 6 5 2 3 0 1 6 4 7 
18 12 6 5 2 3 7 1 6 4 0 
18 14 4 5 2 3 4 1 6 0 7 
17 15 2 5 2 3 4 1 6 7 0 
19 5 14 0 3 5 1 7 6 2 4 
16 7 9 1 3 5 0 7 6 2 4 
16 8 8 1 3 5 4 7 6 2 0 
18 10 8 1 3 5 7 0 6 2 4 
16 12 4 1 3 5 7 4 6 2 0 
19 7 12 5 0 1 3 7 6 2 4 
18 8 10 5 1 0 3 7 6 2 4 
17 9 8 5 1 2 3 7 6 0 4 
17 9 8 5 1 3 0 7 6 2 4 
16 10 6 5 1 3 4 7 6 2 0 
18 10 8 5 1 2 3 7 6 4 0 
19 5 14 0 3 5 2 7 6 4 1 
16 8 8 1 3 5 2 7 6 4 0 
17 7 10 2 3 5 0 7 6 4 1 
17 8 9 2 3 5 1 7 6 4 0 
18 9 9 1 3 5 0 7 6 4 2 
19 6 13 0 3 2 1 6 5 4 7 
16 8 8 1 3 2 0 6 5 4 7 
17 9 8 1 3 2 7 6 5 4 0 
17 11 6 1 3 2 4 6 5 0 7 
16 12 4 1 3 2 4 6 5 7 0 
18 10 8 1 3 2 7 6 5 0 4 
19 9 10 3 2 1 7 6 5 0 4 
19 9 10 0 3 5 2 1 6 4 7 
17 11 6 2 3 5 0 1 6 4 7 
16 12 4 2 3 5 7 1 6 4 0 
19 8 11 0 3 2 1 5 7 6 4 
16 10 6 1 3 2 0 5 7 6 4 
15 11 4 1 3 2 4 5 7 6 0 
18 12 6 1 3 2 4 5 7 0 6 
19 9 10 3 2 6 1 5 7 0 4 
19 11 8 3 2 1 4 5 7 0 6 
19 8 11 0 3 5 1 6 4 2 7 
16 10 6 1 3 5 0 6 4 2 7 
15 11 4 1 3 5 7 6 4 2 0 
18 12 6 1 3 5 7 6 4 0 2 
19 9 10 5 2 1 7 3 6 0 4 
19 13 6 5 2 4 0 1 6 7 3 
19 13 6 5 2 3 7 1 6 0 4 
19 8 11 4 3 5 1 7 6 2 0 
19 8 11 1 3 0 5 7 6 2 4 
18 9 9 1 3 2 5 7 6 0 4 
19 11 8 1 3 5 7 6 0 2 4 
18 12 6 1 3 5 7 6 2 0 4 
17 13 4 1 3 5 7 6 2 4 0 
19 13 6 1 3 5 0 4 6 2 7 
19 13 6 1 3 5 7 4 6 0 2 
19 11 8 5 1 3 4 7 6 0 2 
19 9 10 1 3 5 2 7 6 0 4 
19 10 9 1 3 5 2 0 6 4 7 
17 13 4 1 3 5 0 2 6 4 7 
16 14 2 1 3 5 7 2 6 4 0 
19 9 10 1 3 0 2 6 5 4 7 
18 10 8 1 3 4 2 6 5 0 7 
17 11 6 1 3 4 2 6 5 7 0 
19 13 6 1 3 2 0 6 5 7 4 
19 13 6 2 3 5 7 1 6 0 4 
19 11 8 1 3 0 2 5 7 6 4 
19 13 6 1 3 2 4 5 0 7 6 
19 11 8 1 3 0 5 6 4 2 7 
19 13 6 1 3 5 7 0 4 2 6 
19 10 9 1 3 2 5 7 6 4 0 
19 15 4 1 3 5 7 2 6 0 4 
20 8 12 3 5 2 4 0 6 1 7 
20 10 10 3 5 0 7 1 6 4 2 
20 10 10 3 5 0 4 1 6 2 7 
20 10 10 3 5 2 4 1 0 6 7 
20 5 15 3 5 4 2 7 0 6 1 
20 6 14 3 5 4 0 7 6 1 2 
20 5 15 7 5 2 3 0 6 4 1 
17 7 10 7 5 2 3 1 6 4 0 
18 8 10 7 5 2 3 1 6 0 4 
20 12 8 0 2 4 3 5 6 7 1 
17 15 2 1 2 4 3 5 6 7 0 
20 12 8 3 2 0 4 5 6 1 7 
20 12 8 3 2 1 4 5 0 6 7 
20 5 15 0 5 2 1 3 7 6 4 
17 7 10 1 5 2 0 3 7 6 4 
16 8 8 1 5 2 4 3 7 6 0 
19 9 10 1 5 2 4 3 7 0 6 
20 8 12 3 5 0 2 1 7 6 4 
20 9 11 0 5 2 3 1 7 6 4 
20 10 10 5 2 4 3 0 6 1 7 
20 11 9 5 2 0 4 7 6 3 1 
20 11 9 5 2 3 4 7 0 6 1 
20 10 10 5 2 0 1 7 6 3 4 
19 11 8 5 2 1 0 7 6 3 4 
18 12 6 5 2 1 4 7 6 3 0 
20 10 10 5 2 3 1 7 0 6 4 
20 12 8 5 2 3 0 7 6 1 4 
20 7 13 3 5 2 0 6 4 7 1 
20 10 10 3 5 1 7 0 4 2 6 
20 8 12 5 3 2 1 0 6 4 7 
19 11 8 5 3 2 0 1 6 4 7 
20 10 10 7 3 2 1 5 6 4 0 
20 12 8 1 3 0 7 5 6 2 4 
19 13 6 1 3 7 0 5 6 2 4 
18 14 4 1 3 7 4 5 6 2 0 
20 12 8 1 3 2 7 5 0 6 4 
20 9 11 3 5 4 2 1 0 6 7 
20 10 10 3 5 4 0 1 6 7 2 
20 6 14 7 3 2 1 0 5 6 4 
19 7 12 7 3 2 1 5 0 6 4 
18 8 10 7 3 2 1 5 6 0 4 
19 9 10 7 3 2 0 1 5 6 4 
18 10 8 7 3 2 4 1 5 6 0 
19 9 10 7 3 2 1 5 6 4 0 
20 8 12 5 3 2 1 7 0 6 4 
19 9 10 5 3 2 1 7 6 0 4 
20 8 12 4 3 2 1 7 5 6 0 
20 10 10 1 3 2 6 7 5 0 4 
20 10 10 1 3 0 4 7 5 2 6 
20 10 10 1 3 2 4 7 0 5 6 
20 7 13 3 5 2 0 4 7 6 1 
20 12 8 1 3 4 2 5 0 6 7 
20 5 15 3 0 5 1 7 6 4 2 
20 8 12 3 5 1 7 0 6 4 2 
16 10 6 3 5 1 7 2 6 4 0 
19 11 8 3 5 1 0 2 6 4 7 
19 11 8 3 5 1 7 2 6 0 4 
20 7 13 3 0 2 4 7 5 6 1 
19 8 11 3 2 0 4 7 5 6 1 
20 10 10 1 5 0 7 3 6 4 2 
20 10 10 1 5 0 4 3 6 2 7 
20 10 10 1 5 2 4 3 0 6 7 
20 12 8 1 5 2 4 0 6 7 3 
20 9 11 1 5 4 2 3 0 6 7 
20 10 10 1 5 4 0 3 6 7 2 
20 5 15 3 6 5 1 7 0 2 4 
19 6 13 3 6 5 1 7 2 0 4 
18 7 11 3 6 5 1 7 2 4 0 
20 8 12 3 5 1 7 6 0 2 4 
19 9 10 3 5 1 7 6 2 0 4 
18 10 8 3 5 1 7 6 2 4 0 
20 10 10 3 5 1 0 4 6 2 7 
20 10 10 3 5 1 7 4 6 0 2 
20 8 12 3 5 1 4 6 0 2 7 
19 9 10 3 5 1 4 6 2 0 7 
18 10 8 3 5 1 4 6 2 7 0 
20 10 10 3 0 1 4 5 6 2 7 
19 11 8 3 1 0 4 5 6 2 7 
18 12 6 3 1 2 4 5 6 0 7 
17 13 4 3 1 2 4 5 6 7 0 
20 10 10 3 5 1 0 4 6 2 7 
20 5 15 3 6 5 2 7 0 4 1 
19 6 13 3 6 5 2 7 4 0 1 
19 7 12 3 6 5 2 7 4 1 0 
20 10 10 1 5 2 3 6 0 4 7 
20 12 8 1 0 2 3 5 6 4 7 
19 13 6 1 2 0 3 5 6 4 7 
18 14 4 1 2 4 3 5 6 0 7 
18 14 4 1 2 3 0 5 6 4 7 
19 15 4 1 2 3 7 5 6 4 0 
19 17 2 1 2 3 4 5 6 0 7 
18 18 0 1 2 3 4 5 6 7 0 
