16 0 16 7 0 1 6 3 4 5 2 
17 1 16 7 4 1 6 3 0 5 2 
18 2 16 7 4 1 6 3 5 0 2 
17 3 14 7 4 1 6 3 5 2 0 
18 2 16 7 4 1 6 0 3 5 2 
14 4 10 7 4 1 6 2 3 5 0 
15 5 10 7 4 1 0 2 3 5 6 
16 7 9 0 4 1 7 2 3 5 6 
17 5 12 7 4 1 6 2 3 0 5 
18 4 14 7 4 1 0 3 5 2 6 
18 7 11 0 4 1 6 2 3 5 7 
18 6 12 7 4 0 1 2 3 5 6 
17 7 10 7 4 5 1 2 3 0 6 
16 8 8 7 4 5 1 2 3 6 0 
18 8 10 7 4 1 5 2 3 0 6 
17 9 8 7 4 1 5 2 3 6 0 
18 8 10 2 4 1 7 0 3 5 6 
18 8 10 4 0 1 7 2 3 5 6 
17 9 8 4 3 1 7 2 0 5 6 
17 9 8 4 1 0 7 2 3 5 6 
16 10 6 4 1 5 7 2 3 0 6 
15 11 4 4 1 5 7 2 3 6 0 
18 10 8 3 4 1 7 2 0 5 6 
18 10 8 6 4 1 7 2 3 5 0 
18 9 9 7 4 5 0 2 3 6 1 
18 10 8 2 4 1 7 6 3 5 0 
18 10 8 4 3 1 7 2 5 0 6 
17 11 6 4 3 1 7 2 5 6 0 
18 10 8 4 1 7 0 2 3 5 6 
18 12 6 4 1 5 0 2 3 6 7 
19 3 16 0 4 1 6 7 3 5 2 
17 6 11 2 4 1 6 7 3 5 0 
18 7 11 2 4 1 0 7 3 5 6 
19 5 14 7 4 1 0 6 3 5 2 
19 6 13 0 4 1 7 3 5 2 6 
19 9 10 2 4 1 7 3 0 5 6 
19 11 8 4 1 5 7 2 0 3 6 
19 11 8 3 4 1 7 2 5 0 6 
18 12 6 3 4 1 7 2 5 6 0 
19 11 8 3 0 1 7 2 4 5 6 
18 12 6 3 1 0 7 2 4 5 6 
17 13 4 3 1 5 7 2 4 0 6 
16 14 2 3 1 5 7 2 4 6 0 
19 11 8 0 4 5 7 2 3 6 1 
16 14 2 1 4 5 7 2 3 6 0 
19 11 8 4 1 7 6 2 3 5 0 
19 6 13 7 4 1 2 6 3 5 0 
19 7 12 3 4 1 7 0 5 2 6 
19 12 7 0 3 1 7 2 4 5 6 
19 13 6 3 1 7 0 2 4 5 6 
19 15 4 3 1 5 0 2 4 6 7 
19 15 4 1 4 5 0 2 3 6 7 
19 15 4 1 4 5 7 2 3 0 6 
19 9 10 3 4 1 7 6 5 2 0 
20 7 13 7 4 0 6 2 3 5 1 
19 8 11 7 4 5 6 2 3 0 1 
19 8 11 7 4 6 0 2 3 5 1 
19 9 10 7 4 5 6 2 3 1 0 
19 9 10 7 4 6 1 2 3 5 0 
20 6 14 7 4 1 6 2 0 3 5 
20 8 12 2 4 1 6 0 3 5 7 
20 8 12 4 0 1 6 2 3 5 7 
19 9 10 4 3 1 6 2 0 5 7 
19 9 10 4 1 0 6 2 3 5 7 
18 10 8 4 1 5 6 2 3 0 7 
18 10 8 4 1 6 0 2 3 5 7 
17 11 6 4 1 6 7 2 3 5 0 
19 11 8 4 1 5 6 2 3 7 0 
20 10 10 3 4 1 6 2 0 5 7 
20 8 12 7 4 5 1 2 0 3 6 
20 10 10 7 4 1 0 2 3 6 5 
20 10 10 4 3 1 7 0 2 5 6 
20 12 8 4 3 1 0 2 5 6 7 
20 5 15 6 4 1 0 7 3 5 2 
20 7 13 2 4 1 6 7 3 0 5 
20 8 12 2 4 1 6 0 3 5 7 
20 7 13 0 4 1 7 6 3 5 2 
20 10 10 2 4 1 7 3 5 0 6 
19 11 8 2 4 1 7 3 5 6 0 
20 10 10 2 0 1 7 3 4 5 6 
19 11 8 2 1 0 7 3 4 5 6 
18 12 6 2 1 5 7 3 4 0 6 
17 13 4 2 1 5 7 3 4 6 0 
20 14 6 3 1 5 7 2 0 4 6 
20 8 12 3 4 1 7 5 0 2 6 
19 9 10 3 4 1 7 5 2 0 6 
18 10 8 3 4 1 7 5 2 6 0 
20 14 6 3 1 7 6 2 4 5 0 
20 10 10 0 4 6 7 2 3 5 1 
17 13 4 1 4 6 7 2 3 5 0 
20 10 10 7 4 5 0 2 3 1 6 
20 12 8 4 1 6 7 2 3 0 5 
20 12 8 4 1 5 0 2 3 7 6 
20 11 9 0 3 1 7 4 2 5 6 
20 12 8 4 3 1 7 6 2 5 0 
20 6 14 6 4 1 2 7 3 5 0 
20 12 8 2 1 7 0 3 4 5 6 
20 14 6 2 1 5 0 3 4 6 7 
20 14 6 1 4 6 0 2 3 5 7 
20 14 6 1 4 6 7 2 3 0 5 
21 3 18 7 4 0 6 3 5 1 2 
20 4 16 7 4 6 0 3 5 1 2 
20 5 15 7 4 6 2 3 5 1 0 
21 6 15 0 4 1 6 3 5 2 7 
21 5 16 7 0 1 6 4 3 5 2 
20 6 14 7 3 1 6 4 0 5 2 
20 6 14 7 1 0 6 4 3 5 2 
19 7 12 7 1 5 6 4 3 0 2 
18 8 10 7 1 5 6 4 3 2 0 
19 7 12 7 1 6 0 4 3 5 2 
19 9 10 7 1 5 0 4 3 2 6 
19 8 11 7 1 6 2 4 3 5 0 
20 9 11 0 1 6 7 4 3 5 2 
18 12 6 2 1 6 7 4 3 5 0 
20 11 9 0 1 5 7 4 3 2 6 
20 10 10 1 0 6 7 4 3 5 2 
19 11 8 1 3 6 7 4 0 5 2 
20 12 8 1 0 5 7 4 3 2 6 
19 13 6 1 3 5 7 4 0 2 6 
18 14 4 1 3 5 7 4 2 0 6 
17 15 2 1 3 5 7 4 2 6 0 
20 12 8 1 3 6 7 4 5 0 2 
19 13 6 1 3 6 7 4 5 2 0 
20 12 8 1 3 6 7 0 4 5 2 
16 14 2 1 3 6 7 2 4 5 0 
19 15 4 1 3 6 0 2 4 5 7 
19 15 4 1 3 6 7 2 4 0 5 
20 14 6 1 3 5 7 0 4 2 6 
20 16 4 1 3 5 0 4 2 6 7 
20 16 4 1 3 0 7 2 4 6 5 
20 16 4 1 3 5 7 6 4 2 0 
21 5 16 7 4 0 1 3 5 2 6 
21 7 14 7 0 4 1 2 3 5 6 
20 8 12 7 3 4 1 2 0 5 6 
21 9 12 7 4 1 5 2 0 3 6 
21 12 9 0 4 1 5 2 3 6 7 
21 11 10 2 0 1 7 4 3 5 6 
20 12 8 2 3 1 7 4 0 5 6 
20 12 8 2 1 0 7 4 3 5 6 
19 13 6 2 1 5 7 4 3 0 6 
18 14 4 2 1 5 7 4 3 6 0 
21 14 7 0 1 5 7 2 3 6 4 
21 11 10 3 4 1 7 0 2 5 6 
21 11 10 6 4 1 0 2 3 5 7 
21 11 10 6 4 1 7 2 3 0 5 
21 10 11 7 4 0 5 2 3 6 1 
21 11 10 2 4 1 0 6 3 5 7 
21 11 10 2 4 1 7 6 3 0 5 
21 11 10 4 3 0 7 2 5 1 6 
21 13 8 4 1 7 5 2 3 0 6 
20 14 6 4 1 7 5 2 3 6 0 
21 4 17 4 0 1 6 7 3 5 2 
20 5 15 4 3 1 6 7 0 5 2 
20 5 15 4 1 0 6 7 3 5 2 
19 6 13 4 1 5 6 7 3 0 2 
18 7 11 4 1 5 6 7 3 2 0 
19 6 13 4 1 6 0 7 3 5 2 
19 8 11 4 1 5 0 7 3 2 6 
19 7 12 4 1 6 2 7 3 5 0 
21 6 15 3 4 1 6 7 0 5 2 
21 8 13 2 4 0 1 7 3 5 6 
20 9 11 2 4 5 1 7 3 0 6 
19 10 9 2 4 5 1 7 3 6 0 
21 10 11 2 4 1 5 7 3 0 6 
20 11 9 2 4 1 5 7 3 6 0 
21 7 14 4 0 1 7 3 5 2 6 
20 8 12 4 5 1 7 3 0 2 6 
19 9 10 4 5 1 7 3 2 0 6 
18 10 8 4 5 1 7 3 2 6 0 
20 8 12 4 1 0 7 3 5 2 6 
21 9 12 5 4 1 7 3 0 2 6 
20 10 10 5 4 1 7 3 2 0 6 
19 11 8 5 4 1 7 3 2 6 0 
21 9 12 6 4 1 7 3 5 2 0 
21 13 8 3 4 1 0 2 5 6 7 
21 12 9 2 4 5 7 0 3 6 1 
18 14 4 2 4 5 7 1 3 6 0 
21 12 9 4 0 5 7 2 3 6 1 
20 13 7 4 3 5 7 2 0 6 1 
21 14 7 3 4 5 7 2 0 6 1 
21 13 8 2 3 1 7 0 4 5 6 
21 15 6 6 3 1 7 2 4 5 0 
21 7 14 7 0 1 6 2 4 3 5 
20 8 12 7 1 0 6 2 4 3 5 
19 9 10 7 1 3 6 2 4 0 5 
18 10 8 7 1 3 6 2 4 5 0 
19 9 10 7 1 6 0 2 4 3 5 
18 10 8 7 1 6 5 2 4 3 0 
19 11 8 7 1 3 0 2 4 5 6 
20 11 9 0 1 6 7 2 4 3 5 
20 13 7 0 1 3 7 2 4 5 6 
20 12 8 1 0 6 7 2 4 3 5 
20 14 6 5 1 6 7 2 4 3 0 
20 14 6 1 0 3 7 2 4 5 6 
19 15 4 1 3 0 7 2 4 5 6 
18 16 2 1 3 5 7 2 4 0 6 
17 17 0 1 3 5 7 2 4 6 0 
20 16 4 1 3 7 0 2 4 5 6 
20 18 2 1 3 5 0 2 4 6 7 
21 9 12 2 4 1 6 3 0 5 7 
21 11 10 2 4 1 0 6 3 5 7 
21 11 10 4 1 5 6 2 0 3 7 
21 13 8 4 1 6 5 2 3 0 7 
21 11 10 3 0 1 6 2 4 5 7 
20 12 8 3 1 0 6 2 4 5 7 
19 13 6 3 1 5 6 2 4 0 7 
19 13 6 3 1 6 0 2 4 5 7 
18 14 4 3 1 6 7 2 4 5 0 
20 14 6 3 1 5 6 2 4 7 0 
21 9 12 7 0 5 1 2 4 3 6 
21 12 9 0 4 1 7 2 3 6 5 
21 9 12 2 4 1 6 3 0 5 7 
21 11 10 2 4 1 0 6 3 5 7 
21 13 8 2 1 5 7 3 0 4 6 
21 9 12 3 0 1 7 5 4 2 6 
20 10 10 3 1 0 7 5 4 2 6 
21 11 10 3 4 1 0 5 2 6 7 
21 12 9 0 4 5 7 2 3 1 6 
21 13 8 4 1 0 7 2 3 6 5 
21 13 8 2 1 7 6 3 4 5 0 
21 15 6 1 4 0 7 2 3 6 5 
21 6 15 0 4 6 7 3 5 1 2 
19 9 10 2 4 6 7 3 5 1 0 
21 7 14 3 4 1 6 0 5 2 7 
21 6 15 0 7 1 6 4 3 5 2 
19 9 10 2 7 1 6 4 3 5 0 
20 10 10 2 7 1 0 4 3 5 6 
21 7 14 7 3 1 6 4 5 0 2 
20 8 12 7 3 1 6 4 5 2 0 
21 7 14 7 3 1 6 0 4 5 2 
17 9 8 7 3 1 6 2 4 5 0 
18 10 8 7 3 1 0 2 4 5 6 
20 10 10 7 3 1 6 2 4 0 5 
21 13 8 2 1 6 0 4 3 5 7 
21 13 8 2 1 6 7 4 3 0 5 
21 11 10 1 6 0 7 4 3 5 2 
20 12 8 1 6 5 7 4 3 0 2 
19 13 6 1 6 5 7 4 3 2 0 
21 13 8 1 5 0 7 4 3 2 6 
21 15 6 1 3 0 7 4 2 5 6 
21 13 8 1 3 0 7 4 5 6 2 
21 17 4 1 3 0 7 2 4 5 6 
21 17 4 1 3 7 0 2 4 6 5 
20 18 2 1 3 7 5 2 4 6 0 
21 8 13 0 7 4 1 2 3 5 6 
18 10 8 1 7 4 0 2 3 5 6 
19 11 8 1 7 4 6 2 3 5 0 
21 9 12 7 3 4 1 2 5 0 6 
20 10 10 7 3 4 1 2 5 6 0 
21 13 8 2 3 1 7 4 5 0 6 
20 14 6 2 3 1 7 4 5 6 0 
21 13 8 2 3 1 7 0 4 5 6 
21 13 8 2 1 7 0 4 3 5 6 
21 15 6 2 1 5 0 4 3 6 7 
21 15 6 1 0 5 7 2 3 6 4 
20 16 4 1 3 5 7 2 0 6 4 
21 13 8 3 4 1 7 6 2 5 0 
21 6 15 4 3 1 6 7 5 0 2 
20 7 13 4 3 1 6 7 5 2 0 
21 9 12 4 1 5 6 0 3 2 7 
21 9 12 4 1 6 7 0 3 5 2 
21 11 10 4 1 5 7 0 3 2 6 
21 9 12 4 5 1 7 0 3 2 6 
21 11 10 4 5 1 0 3 2 6 7 
21 9 12 4 1 2 7 3 5 0 6 
20 10 10 4 1 2 7 3 5 6 0 
21 9 12 4 1 7 0 3 5 2 6 
21 15 6 2 4 5 0 1 3 6 7 
21 15 6 2 4 5 7 1 3 0 6 
21 14 7 4 3 5 7 2 6 0 1 
21 15 6 2 3 1 7 6 4 5 0 
21 8 13 0 7 1 6 2 4 3 5 
21 11 10 7 1 6 5 2 4 0 3 
21 13 8 1 4 6 7 2 0 3 5 
21 13 8 1 6 0 7 2 4 3 5 
20 14 6 1 6 3 7 2 4 0 5 
19 15 4 1 6 3 7 2 4 5 0 
21 15 6 1 4 3 7 2 0 5 6 
21 17 4 1 3 5 7 2 0 4 6 
21 17 4 1 3 7 6 2 4 5 0 
21 12 9 0 3 1 6 2 4 5 7 
21 15 6 3 1 6 7 2 4 0 5 
21 15 6 3 1 5 0 2 4 7 6 
21 10 11 0 7 5 1 2 4 3 6 
18 12 6 1 7 5 0 2 4 3 6 
19 13 6 1 7 5 6 2 4 3 0 
21 15 6 5 4 1 7 2 3 6 0 
21 10 11 0 3 1 7 5 4 2 6 
21 11 10 3 1 2 7 5 4 0 6 
20 12 8 3 1 2 7 5 4 6 0 
21 11 10 3 1 7 0 5 4 2 6 
21 7 14 3 4 6 7 0 5 1 2 
17 9 8 3 4 6 7 2 5 1 0 
19 10 9 3 4 6 7 2 5 0 1 
20 10 10 3 4 6 0 2 5 1 7 
20 11 9 3 4 0 7 2 5 6 1 
20 11 9 3 4 6 7 2 0 5 1 
21 10 11 2 4 6 7 3 5 0 1 
21 9 12 7 3 1 0 4 5 2 6 
21 12 9 0 3 1 6 2 4 5 7 
21 11 10 7 3 0 1 2 4 5 6 
20 12 8 7 3 5 1 2 4 0 6 
19 13 6 7 3 5 1 2 4 6 0 
21 13 8 7 3 1 5 2 4 0 6 
20 14 6 7 3 1 5 2 4 6 0 
21 11 10 1 7 0 4 2 3 5 6 
20 12 8 1 7 5 4 2 3 0 6 
19 13 6 1 7 5 4 2 3 6 0 
20 14 6 1 7 5 0 2 3 6 4 
21 13 8 1 7 4 5 2 3 0 6 
20 14 6 1 7 4 5 2 3 6 0 
21 15 6 2 3 1 7 6 4 5 0 
21 17 4 1 3 5 7 2 6 0 4 
20 18 2 1 3 5 7 2 6 4 0 
21 8 13 4 3 1 0 7 5 2 6 
21 10 11 0 1 5 6 4 3 2 7 
21 13 8 4 1 5 7 6 3 2 0 
21 10 11 0 5 1 7 4 3 2 6 
21 11 10 4 5 1 7 6 3 2 0 
21 15 6 4 3 5 7 2 6 1 0 
21 11 10 5 7 1 6 2 4 3 0 
21 13 8 1 7 0 5 2 4 3 6 
20 14 6 1 7 3 5 2 4 0 6 
19 15 4 1 7 3 5 2 4 6 0 
21 15 6 1 7 5 3 2 4 0 6 
20 16 4 1 7 5 3 2 4 6 0 
21 11 10 5 3 1 7 0 4 2 6 
21 12 9 3 4 7 0 2 5 6 1 
21 12 9 3 0 6 7 2 4 5 1 
21 14 7 7 3 5 0 2 4 6 1 
21 11 10 1 0 5 6 4 3 2 7 
20 12 8 1 3 5 6 4 0 2 7 
19 13 6 1 3 5 6 4 2 0 7 
20 14 6 1 3 5 6 4 2 7 0 
21 13 8 5 3 1 7 6 4 2 0 
21 13 8 3 4 7 1 2 5 6 0 
21 13 8 0 3 6 7 2 4 5 1 
21 13 8 1 3 5 6 0 4 2 7 
21 15 6 1 3 5 0 4 2 7 6 
22 7 15 7 4 1 2 3 5 0 6 
21 8 13 7 4 1 2 3 5 6 0 
22 11 11 2 4 1 0 7 3 5 6 
22 14 8 4 1 0 7 2 3 6 5 
22 6 16 7 4 0 1 6 3 5 2 
21 7 14 7 4 5 1 6 3 0 2 
20 8 12 7 4 5 1 6 3 2 0 
22 8 14 7 4 1 5 6 3 0 2 
21 9 12 7 4 1 5 6 3 2 0 
22 12 10 4 0 5 7 2 1 3 6 
22 12 10 4 1 5 7 0 2 3 6 
22 12 10 3 4 0 7 2 5 1 6 
22 12 10 4 1 7 6 2 3 0 5 
22 7 15 7 4 1 2 6 3 0 5 
22 10 12 3 0 1 7 4 5 2 6 
21 11 10 3 5 1 7 4 0 2 6 
20 12 8 3 5 1 7 4 2 0 6 
19 13 6 3 5 1 7 4 2 6 0 
21 11 10 3 1 0 7 4 5 2 6 
22 14 8 7 3 1 0 2 4 5 6 
22 16 6 3 1 7 5 2 4 0 6 
21 17 4 3 1 7 5 2 4 6 0 
22 16 6 1 4 0 5 2 3 6 7 
22 16 6 1 4 0 7 2 3 5 6 
22 16 6 1 4 5 7 2 0 3 6 
22 10 12 3 4 1 0 6 5 2 7 
22 10 12 3 4 1 7 6 5 0 2 
22 9 13 7 4 5 6 2 0 3 1 
22 11 11 7 4 6 5 2 3 0 1 
22 10 12 7 4 6 1 2 3 0 5 
22 10 12 4 3 1 6 0 2 5 7 
22 8 14 6 4 1 7 0 3 5 2 
22 8 14 6 4 1 7 0 3 5 2 
22 8 14 4 0 1 7 6 3 5 2 
21 9 12 4 3 1 7 6 0 5 2 
21 9 12 4 1 0 7 6 3 5 2 
20 10 10 4 1 5 7 6 3 0 2 
19 11 8 4 1 5 7 6 3 2 0 
22 12 10 2 4 1 0 3 5 6 7 
22 11 11 0 2 1 7 3 4 5 6 
22 10 12 3 4 0 7 5 2 1 6 
22 12 10 3 4 1 7 0 2 6 5 
21 13 8 3 4 1 7 2 0 6 5 
22 11 11 2 4 6 7 0 3 5 1 
19 13 6 2 4 6 7 1 3 5 0 
22 11 11 4 0 6 7 2 3 5 1 
21 12 9 4 3 6 7 2 0 5 1 
22 13 9 3 4 6 7 2 0 5 1 
22 16 6 1 4 0 7 2 3 5 6 
22 14 8 2 3 1 7 4 0 5 6 
22 14 8 6 3 1 7 4 2 5 0 
22 6 16 7 4 6 2 3 5 0 1 
22 8 14 7 1 5 6 4 0 3 2 
22 10 12 7 1 6 5 4 3 0 2 
21 11 10 7 1 6 5 4 3 2 0 
22 9 13 7 1 6 2 4 3 0 5 
22 10 12 4 1 6 7 0 3 5 2 
22 12 10 3 1 6 7 4 0 5 2 
22 14 8 3 1 5 7 4 0 2 6 
21 15 6 3 1 5 7 4 2 0 6 
20 16 4 3 1 5 7 4 2 6 0 
22 14 8 6 1 5 7 4 3 2 0 
22 14 8 1 3 6 0 4 5 2 7 
22 13 9 0 3 6 7 1 4 5 2 
20 16 4 2 3 6 7 1 4 5 0 
22 18 4 1 3 6 5 2 4 0 7 
22 16 6 1 3 6 7 2 0 4 5 
22 15 7 0 3 5 7 1 4 2 6 
22 6 16 7 4 2 1 3 5 0 6 
21 7 14 7 4 2 1 3 5 6 0 
22 10 12 7 0 1 5 2 4 3 6 
21 11 10 7 1 0 5 2 4 3 6 
20 12 8 7 1 3 5 2 4 0 6 
19 13 6 7 1 3 5 2 4 6 0 
20 12 8 7 1 5 0 2 4 3 6 
21 13 8 7 1 5 6 2 4 3 0 
21 14 7 0 1 5 7 2 4 3 6 
21 15 6 1 0 5 7 2 4 3 6 
22 14 8 2 1 5 7 4 0 3 6 
22 11 11 7 4 6 5 2 3 0 1 
22 12 10 4 3 7 0 2 5 1 6 
22 6 16 4 3 1 6 0 7 5 2 
18 8 10 4 3 1 6 2 7 5 0 
19 9 10 4 3 1 0 2 7 5 6 
21 9 12 4 3 1 6 2 7 0 5 
22 7 15 4 1 5 6 7 0 3 2 
22 9 13 4 1 6 5 7 3 0 2 
21 10 11 4 1 6 5 7 3 2 0 
22 8 14 4 1 6 2 7 3 0 5 
22 9 13 4 1 6 2 0 3 5 7 
22 7 15 3 4 1 6 7 5 0 2 
21 8 13 3 4 1 6 7 5 2 0 
22 7 15 3 0 1 6 7 4 5 2 
21 8 13 3 1 0 6 7 4 5 2 
20 9 11 3 1 5 6 7 4 0 2 
19 10 9 3 1 5 6 7 4 2 0 
20 9 11 3 1 6 0 7 4 5 2 
20 11 9 3 1 5 0 7 4 2 6 
20 10 10 3 1 6 2 7 4 5 0 
22 10 12 4 5 0 7 3 2 1 6 
22 10 12 5 4 1 7 0 3 2 6 
22 12 10 5 4 1 0 3 2 6 7 
22 13 9 2 4 5 7 3 0 6 1 
22 13 9 4 5 0 7 2 3 6 1 
22 15 7 3 4 5 7 2 6 0 1 
22 15 7 3 0 5 7 2 4 6 1 
22 10 12 7 1 3 6 2 0 4 5 
22 13 9 0 1 3 6 2 4 5 7 
22 12 10 7 1 6 3 2 4 0 5 
21 13 8 7 1 6 3 2 4 5 0 
22 13 9 0 1 6 5 2 4 3 7 
22 14 8 7 1 3 5 2 4 0 6 
22 12 10 2 1 6 7 0 4 3 5 
22 14 8 2 1 3 7 0 4 5 6 
22 16 6 6 1 3 7 2 4 5 0 
22 10 12 2 0 1 6 3 4 5 7 
21 11 10 2 1 0 6 3 4 5 7 
20 12 8 2 1 5 6 3 4 0 7 
20 12 8 2 1 6 0 3 4 5 7 
19 13 6 2 1 6 7 3 4 5 0 
21 13 8 2 1 5 6 3 4 7 0 
22 14 8 4 1 6 5 2 3 7 0 
22 14 8 4 1 0 5 2 3 6 7 
22 14 8 3 1 5 6 2 0 4 7 
22 16 6 3 1 6 5 2 4 0 7 
22 10 12 7 5 0 1 2 4 3 6 
21 11 10 7 5 3 1 2 4 0 6 
20 12 8 7 5 3 1 2 4 6 0 
21 11 10 7 5 1 0 2 4 3 6 
22 10 12 2 4 1 6 3 5 0 7 
22 14 8 2 1 5 7 0 3 4 6 
22 16 6 1 4 7 0 2 3 6 5 
21 17 4 1 4 7 5 2 3 6 0 
22 10 12 2 4 6 0 3 5 1 7 
22 8 14 3 4 1 6 5 0 2 7 
21 9 12 3 4 1 6 5 2 0 7 
20 10 10 3 4 1 6 5 2 7 0 
21 11 10 3 4 1 0 5 2 7 6 
22 9 13 3 4 1 6 7 5 2 0 
22 10 12 3 4 1 0 6 5 2 7 
22 8 14 6 7 1 0 4 3 5 2 
22 10 12 2 7 1 6 4 3 0 5 
22 8 14 0 3 1 6 7 4 5 2 
20 11 9 2 3 1 6 7 4 5 0 
21 12 9 2 3 1 0 7 4 5 6 
22 10 12 7 3 1 0 6 4 5 2 
22 14 8 2 1 0 7 4 3 6 5 
22 12 10 1 6 7 0 4 3 5 2 
22 14 8 1 6 5 0 4 3 2 7 
22 14 8 1 5 2 7 4 3 0 6 
21 15 6 1 5 2 7 4 3 6 0 
22 14 8 1 5 7 0 4 3 2 6 
22 16 6 1 3 7 0 4 2 5 6 
22 14 8 1 3 7 0 4 5 6 2 
22 12 10 1 7 4 6 2 3 0 5 
22 10 12 7 3 0 1 2 5 4 6 
21 11 10 7 3 1 0 2 5 4 6 
22 11 11 7 3 4 0 2 5 6 1 
22 14 8 2 1 7 6 4 3 5 0 
22 16 6 1 5 0 7 2 3 6 4 
22 10 12 4 1 5 6 3 0 2 7 
21 11 10 4 1 5 6 3 2 0 7 
22 12 10 4 1 5 7 3 0 2 6 
21 13 8 4 1 5 7 3 2 0 6 
20 14 6 4 1 5 7 3 2 6 0 
22 10 12 4 1 2 7 3 0 5 6 
22 10 12 4 1 7 6 3 5 2 0 
22 10 12 6 7 1 0 2 4 3 5 
21 11 10 6 7 1 5 2 4 3 0 
22 14 8 1 6 7 0 2 4 3 5 
21 15 6 1 6 7 5 2 4 3 0 
22 16 6 1 6 3 0 2 4 5 7 
22 16 6 1 4 3 7 2 5 0 6 
21 17 4 1 4 3 7 2 5 6 0 
22 14 8 6 3 1 0 2 4 5 7 
22 16 6 3 1 0 7 2 4 6 5 
22 14 8 1 7 5 6 2 4 0 3 
22 12 10 3 1 7 6 5 4 2 0 
22 8 14 3 4 6 7 5 0 1 2 
21 9 12 3 4 6 7 5 1 0 2 
20 10 10 3 4 6 7 5 1 2 0 
22 12 10 3 4 0 7 2 5 1 6 
22 11 11 2 4 0 7 3 5 6 1 
22 11 11 0 3 1 7 4 5 2 6 
22 14 8 6 3 1 0 2 4 5 7 
22 12 10 1 0 7 4 2 3 5 6 
21 13 8 1 3 7 4 2 0 5 6 
22 14 8 1 7 0 5 2 3 4 6 
21 15 6 1 7 5 0 2 3 4 6 
22 12 10 5 7 1 0 2 4 3 6 
22 14 8 1 0 7 5 2 4 3 6 
22 16 6 1 7 3 0 2 4 6 5 
22 13 9 3 6 0 7 2 4 5 1 
21 14 7 3 6 5 7 2 4 0 1 
21 15 6 3 6 5 7 2 4 1 0 
22 16 6 0 3 5 7 2 4 6 1 
22 12 10 1 5 0 6 4 3 2 7 
21 13 8 1 5 6 0 4 3 2 7 
20 14 6 1 5 6 7 4 3 2 0 
22 14 8 1 3 0 6 4 2 5 7 
21 15 6 1 3 6 0 4 2 5 7 
20 16 4 1 3 6 7 4 2 5 0 
22 15 7 1 3 5 6 7 4 2 0 
22 16 6 1 3 5 0 6 4 2 7 
22 9 13 7 4 5 0 6 3 2 1 
22 13 9 0 4 5 7 2 1 3 6 
22 13 9 0 1 5 7 4 2 3 6 
22 14 8 4 1 5 7 6 2 3 0 
22 11 11 0 3 1 7 4 5 2 6 
22 12 10 3 5 1 7 0 4 2 6 
22 14 8 3 5 1 0 4 2 6 7 
22 12 10 3 1 2 7 4 5 0 6 
21 13 8 3 1 2 7 4 5 6 0 
22 12 10 3 1 7 0 4 5 2 6 
22 12 10 7 4 6 5 2 3 1 0 
22 11 11 0 3 1 6 4 2 5 7 
22 10 12 4 3 1 7 6 5 0 2 
21 11 10 4 3 1 7 6 5 2 0 
22 10 12 4 3 1 7 0 6 5 2 
18 12 6 4 3 1 7 2 6 5 0 
21 13 8 4 3 1 0 2 6 5 7 
21 13 8 4 3 1 7 2 6 0 5 
22 10 12 4 1 7 0 6 3 5 2 
22 12 10 4 1 5 0 6 3 2 7 
22 12 10 3 2 1 7 0 4 5 6 
22 14 8 3 4 1 7 2 6 0 5 
21 15 6 3 4 1 7 2 6 5 0 
22 14 8 2 4 6 0 1 3 5 7 
22 14 8 2 4 6 7 1 3 0 5 
22 13 9 4 3 6 7 2 5 0 1 
22 14 8 7 1 3 0 2 4 6 5 
22 16 6 1 5 0 7 2 4 3 6 
21 17 4 1 5 3 7 2 4 0 6 
20 18 2 1 5 3 7 2 4 6 0 
22 12 10 7 4 6 5 2 3 1 0 
22 7 15 0 3 1 6 4 7 5 2 
20 10 10 2 3 1 6 4 7 5 0 
21 11 10 2 3 1 0 4 7 5 6 
22 10 12 4 3 0 1 2 7 5 6 
21 11 10 4 3 5 1 2 7 0 6 
20 12 8 4 3 5 1 2 7 6 0 
22 12 10 4 3 1 5 2 7 0 6 
21 13 8 4 3 1 5 2 7 6 0 
22 10 12 4 3 1 6 2 0 7 5 
22 10 12 0 1 6 2 4 3 5 7 
20 12 8 2 1 6 0 4 3 5 7 
22 12 10 3 1 5 6 0 4 2 7 
22 12 10 3 1 6 7 0 4 5 2 
22 14 8 3 1 5 7 0 4 2 6 
22 12 10 5 4 1 7 6 3 2 0 
22 16 6 3 4 5 7 2 6 1 0 
22 16 6 0 3 5 7 2 4 6 1 
22 14 8 1 0 3 6 2 4 5 7 
21 15 6 1 3 0 6 2 4 5 7 
20 16 4 1 3 5 6 2 4 0 7 
21 17 4 1 3 5 6 2 4 7 0 
22 14 8 1 0 6 5 2 4 3 7 
22 14 8 2 1 6 7 5 4 3 0 
22 16 6 2 1 3 7 6 4 5 0 
22 14 8 2 1 6 7 3 4 0 5 
22 14 8 2 1 5 0 3 4 7 6 
22 13 9 7 5 3 0 2 4 6 1 
22 12 10 7 5 1 6 2 4 3 0 
22 13 9 0 5 1 7 2 4 3 6 
22 15 7 0 1 5 7 2 3 4 6 
22 16 6 2 1 5 7 6 3 4 0 
22 9 13 6 7 1 2 4 3 5 0 
22 11 11 7 3 1 2 6 4 5 0 
22 13 9 1 6 7 2 4 3 5 0 
22 15 7 1 3 7 2 4 5 6 0 
22 12 10 7 3 1 6 2 5 4 0 
22 13 9 0 3 1 7 2 5 4 6 
22 12 10 4 1 5 6 3 2 7 0 
22 10 12 3 4 0 7 5 1 6 2 
22 14 8 1 3 7 4 2 5 0 6 
21 15 6 1 3 7 4 2 5 6 0 
22 16 6 1 7 5 6 2 3 4 0 
22 14 8 1 0 5 7 4 2 3 6 
22 14 8 3 5 1 7 6 4 2 0 
22 11 11 0 3 1 7 4 6 5 2 
20 14 6 2 3 1 7 4 6 5 0 
22 14 8 4 3 1 7 2 0 6 5 
22 11 11 4 1 7 2 6 3 5 0 
22 14 8 3 2 1 7 6 4 5 0 
22 14 8 4 3 6 7 2 5 1 0 
22 12 10 4 3 5 1 2 0 7 6 
22 13 9 4 3 5 0 2 7 6 1 
22 11 11 1 0 6 2 4 3 5 7 
21 12 9 1 3 6 2 4 0 5 7 
22 16 6 3 1 5 7 6 4 2 0 
22 18 4 1 3 5 0 2 4 7 6 
22 16 6 1 0 5 7 2 3 4 6 
22 16 6 1 3 7 0 2 5 6 4 
22 13 9 1 3 6 2 4 5 0 7 
22 13 9 1 3 6 2 0 4 5 7 
23 5 18 7 4 1 6 0 5 2 3 
22 6 16 7 4 1 6 5 0 2 3 
21 7 14 7 4 1 6 5 2 0 3 
20 8 12 7 4 1 6 5 2 3 0 
21 9 12 7 4 1 0 5 2 3 6 
22 8 14 7 4 1 0 6 5 2 3 
21 9 12 7 4 1 3 6 5 2 0 
23 6 17 7 4 0 6 3 5 2 1 
22 7 15 7 4 6 0 3 5 2 1 
22 8 14 7 4 6 1 3 5 2 0 
23 8 15 7 4 1 2 0 3 5 6 
23 11 12 7 4 0 1 2 3 6 5 
23 12 11 7 4 0 5 2 3 6 1 
23 13 10 4 1 5 7 0 3 6 2 
23 12 11 7 4 5 6 2 3 0 1 
23 14 9 4 3 0 7 2 5 6 1 
23 14 9 0 3 1 7 2 5 6 4 
23 14 9 0 1 5 4 2 3 6 7 
23 15 8 4 1 5 6 2 3 0 7 
23 9 14 2 4 0 6 7 3 5 1 
22 10 12 2 4 5 6 7 3 0 1 
22 10 12 2 4 6 0 7 3 5 1 
22 11 11 2 4 5 6 7 3 1 0 
22 11 11 2 4 6 1 7 3 5 0 
23 17 6 3 1 0 7 2 4 6 5 
23 17 6 1 4 0 7 2 3 6 5 
23 8 15 7 4 1 2 0 3 5 6 
23 10 13 3 4 1 0 7 5 2 6 
23 8 15 7 0 4 6 2 3 5 1 
22 9 13 7 3 4 6 2 0 5 1 
23 12 11 0 4 5 6 2 3 1 7 
23 11 12 2 0 1 6 4 3 5 7 
22 12 10 2 3 1 6 4 0 5 7 
22 12 10 2 1 0 6 4 3 5 7 
21 13 8 2 1 5 6 4 3 0 7 
22 14 8 2 1 5 6 4 3 7 0 
23 12 11 0 1 6 4 2 3 5 7 
23 14 9 0 1 6 7 2 3 5 4 
23 11 12 3 4 1 6 0 2 5 7 
23 9 14 7 4 5 1 0 2 3 6 
22 12 10 7 4 5 0 1 2 3 6 
23 11 12 7 4 0 1 2 3 6 5 
23 13 10 4 3 0 1 2 5 6 7 
23 6 17 6 4 0 1 7 3 5 2 
22 7 15 6 4 5 1 7 3 0 2 
21 8 13 6 4 5 1 7 3 2 0 
23 8 15 6 4 1 5 7 3 0 2 
22 9 13 6 4 1 5 7 3 2 0 
23 8 15 2 4 1 6 7 0 3 5 
23 15 8 2 1 5 7 0 4 6 3 
23 15 8 3 0 5 7 2 1 4 6 
23 15 8 3 1 5 7 0 2 4 6 
23 15 8 3 1 7 6 2 4 0 5 
23 13 10 7 3 1 0 4 2 5 6 
23 13 10 4 3 1 0 6 2 5 7 
23 13 10 4 3 1 7 6 2 0 5 
23 7 16 6 4 1 2 7 3 0 5 
23 15 8 2 1 7 5 3 4 0 6 
22 16 6 2 1 7 5 3 4 6 0 
23 15 8 1 4 0 6 2 3 5 7 
22 16 6 1 4 5 6 2 3 0 7 
23 17 6 1 4 6 5 2 3 0 7 
23 15 8 1 4 6 7 2 0 3 5 
23 7 16 4 0 1 6 3 5 2 7 
22 8 14 4 5 1 6 3 0 2 7 
21 9 12 4 5 1 6 3 2 0 7 
22 8 14 4 1 0 6 3 5 2 7 
21 9 12 4 1 6 0 3 5 2 7 
20 10 10 4 1 6 7 3 5 2 0 
22 10 12 4 5 1 6 3 2 7 0 
23 9 14 5 4 1 6 3 0 2 7 
22 10 12 5 4 1 6 3 2 0 7 
23 12 11 7 1 5 2 4 3 0 6 
22 13 9 7 1 5 2 4 3 6 0 
23 15 8 2 1 0 7 4 3 5 6 
23 17 6 1 3 5 7 0 2 6 4 
23 17 6 1 3 0 5 4 2 6 7 
23 17 6 1 0 3 7 2 4 6 5 
23 17 6 1 3 5 0 6 4 2 7 
23 17 6 1 3 5 7 6 4 0 2 
23 9 14 7 3 4 1 0 2 5 6 
22 12 10 7 3 4 0 1 2 5 6 
23 13 10 2 4 1 5 0 3 6 7 
23 15 8 3 4 1 5 2 0 6 7 
23 12 11 0 2 1 7 4 3 5 6 
23 15 8 2 1 5 7 0 3 6 4 
23 17 6 3 1 5 7 2 0 6 4 
23 12 11 0 4 1 7 3 2 5 6 
23 15 8 4 1 7 0 2 3 6 5 
23 8 15 0 1 6 4 7 3 5 2 
21 11 10 2 1 6 4 7 3 5 0 
23 11 12 4 1 5 2 7 3 0 6 
22 12 10 4 1 5 2 7 3 6 0 
23 7 16 3 4 1 6 0 7 5 2 
19 9 10 3 4 1 6 2 7 5 0 
20 10 10 3 4 1 0 2 7 5 6 
22 10 12 3 4 1 6 2 7 0 5 
23 10 13 2 4 5 1 7 0 3 6 
23 12 11 2 4 1 0 7 3 6 5 
23 13 10 2 4 1 5 0 3 6 7 
23 11 12 5 4 0 7 3 2 1 6 
23 14 9 4 3 5 7 0 2 6 1 
20 16 4 4 3 5 7 1 2 6 0 
23 15 8 5 1 6 0 2 4 3 7 
23 15 8 5 1 6 7 2 4 0 3 
23 19 4 1 3 7 5 2 4 0 6 
23 15 8 3 4 1 7 2 0 6 5 
23 13 10 2 4 5 7 0 3 1 6 
23 13 10 4 0 5 7 2 3 1 6 
22 14 8 4 3 5 7 2 0 1 6 
21 15 6 4 3 5 7 2 1 0 6 
20 16 4 4 3 5 7 2 1 6 0 
23 15 8 3 4 5 7 2 0 1 6 
22 16 6 3 4 5 7 2 1 0 6 
21 17 4 3 4 5 7 2 1 6 0 
23 15 8 6 4 5 7 2 3 1 0 
23 7 16 4 0 6 7 3 5 1 2 
22 8 14 4 5 6 7 3 0 1 2 
21 9 12 4 5 6 7 3 1 0 2 
20 10 10 4 5 6 7 3 1 2 0 
22 10 12 4 5 0 7 3 1 6 2 
23 9 14 5 4 6 7 3 0 1 2 
22 10 12 5 4 6 7 3 1 0 2 
21 11 10 5 4 6 7 3 1 2 0 
23 7 16 4 7 1 6 0 3 5 2 
19 9 10 4 7 1 6 2 3 5 0 
20 10 10 4 7 1 0 2 3 5 6 
22 10 12 4 7 1 6 2 3 0 5 
23 9 14 3 7 1 6 4 0 5 2 
23 11 12 2 7 0 1 4 3 5 6 
22 12 10 2 7 5 1 4 3 0 6 
21 13 8 2 7 5 1 4 3 6 0 
23 13 10 2 7 1 5 4 3 0 6 
22 14 8 2 7 1 5 4 3 6 0 
23 12 11 7 3 0 6 2 4 5 1 
22 13 9 7 3 5 6 2 4 0 1 
22 13 9 7 3 6 0 2 4 5 1 
22 14 8 7 3 5 6 2 4 1 0 
22 14 8 7 3 6 1 2 4 5 0 
23 11 12 7 3 1 6 2 0 4 5 
23 13 10 1 6 5 7 4 0 3 2 
23 19 4 1 3 7 5 2 4 0 6 
23 9 14 2 7 4 1 0 3 5 6 
22 12 10 2 7 4 0 1 3 5 6 
23 11 12 3 7 4 1 2 0 5 6 
23 11 12 6 7 4 1 2 3 5 0 
23 15 8 2 3 1 0 4 5 6 7 
23 17 6 1 3 5 7 0 2 6 4 
23 9 14 4 3 1 6 0 5 2 7 
23 11 12 4 1 2 0 3 5 6 7 
23 9 14 2 7 1 6 0 4 3 5 
23 15 8 1 6 3 7 2 0 4 5 
23 13 10 2 3 1 6 0 4 5 7 
23 11 12 2 7 5 1 0 4 3 6 
22 14 8 2 7 5 0 1 4 3 6 
23 13 10 6 7 5 1 2 4 3 0 
23 13 10 6 3 1 7 5 4 2 0 
23 13 10 3 1 2 0 5 4 6 7 
23 11 12 3 4 0 6 2 5 1 7 
22 12 10 3 4 1 6 2 5 0 7 
23 13 10 3 4 6 1 2 5 0 7 
23 12 11 3 0 4 7 2 5 6 1 
22 13 9 3 5 4 7 2 0 6 1 
23 13 10 2 3 1 6 0 4 5 7 
23 13 10 7 3 5 1 2 0 4 6 
23 16 7 0 3 5 1 2 4 6 7 
23 15 8 7 3 1 0 2 4 6 5 
23 13 10 1 7 5 4 2 0 3 6 
23 15 8 1 7 4 0 2 3 6 5 
23 19 4 1 3 5 0 2 6 4 7 
23 10 13 0 3 1 4 7 5 2 6 
23 13 10 3 1 5 6 4 0 2 7 
22 14 8 3 1 5 6 4 2 0 7 
23 13 10 3 5 1 7 4 0 2 6 
23 13 10 6 5 1 7 4 3 2 0 
23 15 8 1 7 3 5 2 0 4 6 
23 17 6 1 7 5 0 2 4 6 3 
23 12 11 0 1 5 6 4 3 2 7 
23 14 9 0 3 5 6 1 4 2 7 
23 9 14 7 4 1 0 3 5 6 2 
23 15 8 4 1 7 0 2 3 6 5 
23 13 10 4 5 0 7 2 1 3 6 
22 14 8 4 5 3 7 2 1 0 6 
21 15 6 4 5 3 7 2 1 6 0 
23 13 10 3 4 7 0 2 5 1 6 
23 13 10 3 5 0 7 4 2 1 6 
23 17 6 1 4 6 5 2 3 0 7 
23 17 6 1 4 7 0 2 3 5 6 
23 17 6 1 0 5 7 2 4 3 6 
23 11 12 3 4 1 7 6 0 5 2 
23 10 13 7 0 5 6 2 4 3 1 
23 11 12 7 4 0 1 2 3 6 5 
23 12 11 4 3 1 6 7 2 5 0 
23 13 10 4 3 1 0 6 2 5 7 
23 9 14 6 4 1 7 3 0 5 2 
23 9 14 6 4 1 7 3 0 5 2 
23 11 12 4 1 5 7 6 0 3 2 
23 11 12 3 4 7 0 5 2 1 6 
23 12 11 2 4 6 7 3 0 5 1 
23 12 11 4 6 0 7 2 3 5 1 
22 13 9 4 6 5 7 2 3 0 1 
22 14 8 4 6 5 7 2 3 1 0 
23 17 6 1 4 7 0 2 3 5 6 
23 7 16 7 4 0 2 3 5 6 1 
23 7 16 7 4 6 2 3 0 5 1 
23 11 12 7 1 0 5 4 3 6 2 
22 12 10 7 1 5 0 4 3 6 2 
23 11 12 4 1 6 7 3 0 5 2 
23 13 10 3 1 6 7 4 5 0 2 
22 14 8 3 1 6 7 4 5 2 0 
23 13 10 3 1 6 7 0 4 5 2 
23 17 6 3 1 5 0 4 2 6 7 
23 17 6 2 3 6 0 1 4 5 7 
23 17 6 2 3 6 7 1 4 0 5 
23 19 4 1 3 6 5 2 4 7 0 
23 19 4 1 3 0 5 2 4 6 7 
23 7 16 7 4 2 1 3 0 5 6 
23 8 15 7 4 2 0 3 5 6 1 
23 16 7 0 1 3 5 2 4 6 7 
23 15 8 7 1 5 3 2 4 0 6 
22 16 6 7 1 5 3 2 4 6 0 
23 15 8 2 1 5 7 0 4 3 6 
23 17 6 6 1 5 7 2 4 3 0 
23 15 8 2 1 5 7 0 4 3 6 
23 13 10 4 3 7 6 2 5 1 0 
23 9 14 4 3 1 0 6 7 5 2 
22 10 12 4 3 1 2 6 7 5 0 
23 10 13 4 1 0 5 7 3 6 2 
22 11 11 4 1 5 0 7 3 6 2 
23 10 13 4 1 6 2 3 0 5 7 
23 10 13 3 1 5 6 7 0 4 2 
23 12 11 3 1 6 5 7 4 0 2 
22 13 9 3 1 6 5 7 4 2 0 
23 11 12 3 1 6 2 7 4 0 5 
23 12 11 3 1 6 2 0 4 5 7 
23 11 12 4 5 7 0 3 2 1 6 
23 11 12 4 0 5 7 3 2 1 6 
23 14 9 2 4 5 7 3 6 0 1 
23 14 9 2 0 5 7 3 4 6 1 
23 14 9 4 5 6 7 2 3 0 1 
23 14 9 4 5 7 0 2 3 6 1 
23 16 7 3 5 0 7 2 4 6 1 
23 15 8 5 1 6 0 2 4 3 7 
23 13 10 2 1 6 7 4 0 3 5 
23 15 8 2 1 3 7 4 0 5 6 
23 13 10 2 1 5 6 3 0 4 7 
23 15 8 2 1 6 5 3 4 0 7 
23 17 6 3 1 6 5 2 4 7 0 
23 17 6 3 1 0 5 2 4 6 7 
23 11 12 2 4 1 6 3 5 7 0 
23 9 14 3 0 1 6 5 4 2 7 
22 10 12 3 1 0 6 5 4 2 7 
21 11 10 3 1 6 0 5 4 2 7 
20 12 8 3 1 6 7 5 4 2 0 
23 10 13 3 4 1 0 7 5 2 6 
23 10 13 6 3 1 0 7 4 5 2 
23 12 11 2 3 1 6 7 4 0 5 
23 13 10 2 3 1 6 0 4 5 7 
23 12 11 0 3 1 7 6 4 5 2 
23 15 8 2 1 7 0 4 3 6 5 
22 16 6 2 1 7 5 4 3 6 0 
23 15 8 1 5 7 6 4 3 2 0 
23 17 6 1 3 7 6 4 2 5 0 
23 13 10 0 3 4 7 2 5 6 1 
20 16 4 1 3 4 7 2 5 6 0 
23 17 6 1 5 6 7 2 3 0 4 
22 18 4 1 5 6 7 2 3 4 0 
23 17 6 1 5 7 0 2 3 6 4 
23 15 8 4 1 5 0 3 2 6 7 
23 11 12 4 1 2 7 0 3 5 6 
23 9 14 3 0 6 7 5 4 1 2 
23 11 12 3 4 6 0 5 1 2 7 
23 13 10 3 4 7 0 2 5 1 6 
23 12 11 2 4 7 0 3 5 6 1 
23 15 8 1 0 7 5 2 3 4 6 
22 16 6 1 3 7 5 2 0 4 6 
21 17 4 1 3 7 5 2 4 0 6 
23 15 8 1 4 7 5 2 0 3 6 
22 16 6 1 4 7 5 2 3 0 6 
23 14 9 3 6 7 0 2 4 5 1 
23 13 10 1 5 2 6 4 3 0 7 
23 15 8 1 5 6 7 4 3 0 2 
23 17 6 1 3 6 7 4 2 0 5 
23 16 7 1 3 5 0 7 4 2 6 
23 11 12 0 4 5 7 6 3 2 1 
20 14 6 1 4 5 7 6 3 2 0 
23 13 10 3 1 2 7 4 0 5 6 
23 13 10 3 1 7 6 4 5 2 0 
23 13 10 6 3 1 0 4 2 5 7 
23 15 8 2 4 0 7 1 3 6 5 
23 14 9 4 3 0 7 2 5 6 1 
23 17 6 1 5 7 0 2 4 3 6 
23 19 4 1 5 3 0 2 4 6 7 
23 9 14 6 3 1 0 4 7 5 2 
23 11 12 2 3 1 6 4 7 0 5 
23 13 10 4 3 1 5 2 0 7 6 
23 15 8 2 1 6 5 4 3 0 7 
23 15 8 1 4 3 6 2 0 5 7 
23 17 6 1 3 5 6 2 0 4 7 
23 15 8 1 6 0 5 2 4 3 7 
22 16 6 1 6 3 5 2 4 0 7 
22 16 6 1 6 5 0 2 4 3 7 
21 17 4 1 6 5 7 2 4 3 0 
23 15 8 2 1 0 7 3 4 6 5 
23 15 8 0 5 3 7 2 4 6 1 
23 13 10 4 1 5 0 3 2 7 6 
23 11 12 3 4 7 0 5 1 6 2 
22 12 10 3 4 7 2 5 1 6 0 
23 15 8 1 3 0 4 2 5 7 6 
23 15 8 1 2 5 7 4 0 3 6 
22 16 6 1 2 5 7 4 3 0 6 
21 17 4 1 2 5 7 4 3 6 0 
23 15 8 1 5 0 7 4 2 3 6 
22 16 6 1 5 3 7 4 2 0 6 
21 17 4 1 5 3 7 4 2 6 0 
23 15 8 2 3 1 0 4 6 5 7 
23 15 8 2 3 1 7 4 6 0 5 
23 12 11 1 6 0 2 4 3 5 7 
22 13 9 1 6 5 2 4 3 0 7 
23 14 9 1 3 6 2 4 5 7 0 
23 14 9 1 3 0 2 4 5 6 7 
23 15 8 1 3 6 2 7 4 5 0 
23 6 17 0 4 1 6 7 5 2 3 
22 8 14 6 4 1 0 7 5 2 3 
21 9 12 6 4 1 3 7 5 2 0 
23 9 14 0 4 6 7 3 5 2 1 
20 12 8 1 4 6 7 3 5 2 0 
23 14 9 0 1 5 7 4 3 6 2 
23 15 8 1 0 5 4 2 3 6 7 
22 16 6 1 3 5 4 2 0 6 7 
23 9 14 0 7 4 6 2 3 5 1 
23 10 13 7 3 4 6 2 5 0 1 
23 13 10 2 3 1 6 0 4 5 7 
23 15 8 2 1 5 0 4 3 7 6 
23 13 10 1 0 6 4 2 3 5 7 
22 14 8 1 3 6 4 2 0 5 7 
23 15 8 1 0 6 7 2 3 5 4 
22 16 6 1 3 6 7 2 0 5 4 
23 11 12 7 4 5 1 6 2 3 0 
23 13 10 7 4 5 6 1 2 3 0 
23 14 9 0 4 5 7 1 2 3 6 
23 9 14 6 4 5 0 7 3 2 1 
23 16 7 0 1 5 7 2 4 6 3 
23 16 7 0 3 5 7 2 1 4 6 
23 17 6 3 1 5 7 6 2 4 0 
23 17 6 1 4 5 6 2 3 7 0 
23 9 14 4 5 1 6 0 3 2 7 
23 11 12 4 5 1 0 3 2 7 6 
23 11 12 5 4 1 6 3 2 7 0 
23 11 12 7 3 4 1 6 2 5 0 
23 13 10 7 3 4 6 1 2 5 0 
23 14 9 0 3 4 7 1 2 5 6 
23 9 14 1 0 6 4 7 3 5 2 
22 10 12 1 3 6 4 7 0 5 2 
21 11 10 1 3 6 4 7 5 0 2 
20 12 8 1 3 6 4 7 5 2 0 
22 10 12 1 6 0 4 7 3 5 2 
22 12 10 1 3 0 4 7 5 6 2 
23 12 11 2 1 6 0 7 3 5 4 
23 11 12 3 4 0 1 2 7 5 6 
22 12 10 3 4 5 1 2 7 0 6 
21 13 8 3 4 5 1 2 7 6 0 
23 13 10 3 4 1 5 2 7 0 6 
22 14 8 3 4 1 5 2 7 6 0 
23 11 12 3 4 1 6 2 0 7 5 
23 15 8 0 3 5 7 4 2 6 1 
23 17 6 4 3 5 0 1 2 6 7 
23 17 6 4 3 5 7 1 2 0 6 
23 15 8 2 4 5 7 6 3 1 0 
23 17 6 4 3 5 0 2 1 6 7 
23 9 14 4 5 6 7 0 3 1 2 
19 11 8 4 5 6 7 2 3 1 0 
21 12 9 4 5 6 7 2 3 0 1 
22 12 10 4 5 6 0 2 3 1 7 
23 11 12 4 5 6 0 3 1 2 7 
23 11 12 4 5 7 0 3 1 6 2 
23 11 12 4 0 5 7 3 1 6 2 
22 12 10 4 1 5 7 3 0 6 2 
23 11 12 5 4 0 7 3 1 6 2 
23 11 12 4 7 0 1 2 3 5 6 
22 12 10 4 7 5 1 2 3 0 6 
21 13 8 4 7 5 1 2 3 6 0 
23 13 10 4 7 1 5 2 3 0 6 
22 14 8 4 7 1 5 2 3 6 0 
23 14 9 2 7 5 0 4 3 6 1 
23 15 8 7 3 5 0 2 4 1 6 
23 11 12 2 7 4 1 6 3 5 0 
23 13 10 2 7 4 6 1 3 5 0 
23 10 13 0 3 1 6 4 5 2 7 
23 11 12 2 7 1 6 5 4 3 0 
23 13 10 2 7 5 1 6 4 3 0 
23 15 8 2 7 5 6 1 4 3 0 
23 13 10 3 4 1 6 2 5 7 0 
23 14 9 3 5 4 7 2 6 0 1 
23 13 10 6 3 1 4 7 5 2 0 
23 15 8 3 1 5 6 4 2 7 0 
23 11 12 0 7 5 6 2 4 3 1 
23 8 15 7 4 2 0 3 5 6 1 
23 14 9 0 1 5 7 4 3 6 2 
23 17 6 1 0 3 5 2 4 6 7 
22 18 4 1 3 0 5 2 4 6 7 
23 17 6 2 1 5 7 6 4 3 0 
23 17 6 2 1 5 7 6 4 3 0 
23 12 11 0 4 5 7 3 2 1 6 
23 15 8 2 4 5 7 3 6 1 0 
23 15 8 4 5 6 7 2 3 1 0 
23 15 8 4 5 7 1 2 3 6 0 
23 10 13 0 3 1 6 5 4 2 7 
23 11 12 3 1 2 6 5 4 0 7 
22 12 10 3 1 2 6 5 4 7 0 
23 13 10 3 1 6 7 5 4 0 2 
23 11 12 6 3 1 2 7 4 5 0 
23 17 6 1 3 4 0 2 5 6 7 
23 17 6 1 3 4 7 2 5 0 6 
23 12 11 0 1 2 7 4 3 5 6 
23 13 10 4 1 2 7 6 3 5 0 
23 10 13 0 3 6 7 5 4 1 2 
21 13 8 2 3 6 7 5 4 1 0 
23 13 10 2 4 7 1 3 5 6 0 
23 15 8 3 6 7 1 2 4 5 0 
23 15 8 1 4 5 0 6 3 2 7 
23 15 8 1 4 5 7 6 3 0 2 
23 10 13 6 3 1 2 4 7 5 0 
23 17 6 1 6 3 5 2 4 7 0 
23 13 10 1 6 2 0 4 3 5 7 
22 14 8 1 6 2 7 4 3 5 0 
23 14 9 1 6 5 2 4 3 7 0 
23 15 8 1 3 2 0 4 5 6 7 
22 16 6 1 3 2 7 4 5 6 0 
23 10 13 3 4 6 7 0 5 2 1 
20 12 8 3 4 6 7 1 5 2 0 
23 13 10 1 4 6 0 3 5 2 7 
23 13 10 1 4 6 7 3 5 0 2 
23 15 8 1 0 5 7 4 3 6 2 
22 16 6 1 3 5 7 4 0 6 2 
23 17 6 1 3 5 4 2 6 0 7 
23 11 12 7 3 4 6 2 5 1 0 
23 15 8 1 3 6 4 2 5 0 7 
22 16 6 1 3 6 4 2 5 7 0 
23 17 6 1 3 6 7 2 5 0 4 
22 18 4 1 3 6 7 2 5 4 0 
23 15 8 1 4 5 7 0 2 3 6 
23 17 6 1 0 5 7 2 4 6 3 
23 10 13 0 5 1 6 4 3 2 7 
23 15 8 1 3 4 7 0 2 5 6 
22 16 6 1 3 4 7 2 0 5 6 
23 11 12 1 3 6 4 0 7 5 2 
21 13 8 1 3 6 4 2 7 5 0 
22 14 8 1 3 6 0 2 7 5 4 
23 13 10 1 3 6 0 7 5 2 4 
23 11 12 1 6 5 4 7 3 0 2 
22 12 10 1 6 5 4 7 3 2 0 
23 11 12 1 6 4 0 7 3 5 2 
22 12 10 1 6 4 2 7 3 5 0 
23 13 10 1 3 4 0 7 5 6 2 
22 14 8 1 3 4 2 7 5 6 0 
23 13 10 1 0 3 4 7 5 6 2 
23 13 10 3 4 5 1 2 0 7 6 
23 14 9 3 4 5 0 2 7 6 1 
23 10 13 0 5 6 7 4 3 1 2 
21 13 8 2 5 6 7 4 3 1 0 
23 12 11 4 5 7 2 3 1 6 0 
23 12 11 0 4 5 7 3 1 6 2 
21 15 6 2 4 5 7 3 1 6 0 
23 13 10 4 1 5 7 3 6 0 2 
22 14 8 4 1 5 7 3 6 2 0 
23 14 9 4 7 5 0 2 3 6 1 
23 15 8 3 5 4 7 2 6 1 0 
23 13 10 3 4 5 7 0 2 1 6 
22 14 8 3 4 5 7 2 0 1 6 
21 15 6 3 4 5 7 2 1 0 6 
20 16 4 3 4 5 7 2 1 6 0 
23 11 12 5 3 1 6 0 4 2 7 
23 13 10 3 1 2 0 5 4 7 6 
23 13 10 1 0 2 7 4 3 5 6 
22 14 8 1 3 2 7 4 0 5 6 
22 14 8 1 2 0 7 4 3 5 6 
21 15 6 1 2 5 7 4 3 0 6 
20 16 4 1 2 5 7 4 3 6 0 
23 11 12 5 3 6 7 0 4 1 2 
19 13 6 5 3 6 7 2 4 1 0 
21 14 7 5 3 6 7 2 4 0 1 
22 14 8 5 3 6 0 2 4 1 7 
22 15 7 5 3 0 7 2 4 6 1 
23 14 9 2 3 6 7 5 4 0 1 
23 13 10 3 4 6 0 1 5 2 7 
23 13 10 3 4 6 7 1 5 0 2 
23 17 6 1 3 5 7 4 6 0 2 
22 18 4 1 3 5 7 4 6 2 0 
23 17 6 1 3 5 7 0 4 6 2 
23 17 6 1 4 5 7 6 2 3 0 
23 17 6 1 3 4 7 6 2 5 0 
23 14 9 2 5 6 7 4 3 0 1 
23 15 8 1 4 5 7 3 0 6 2 
23 15 8 3 4 5 7 6 2 1 0 
23 15 8 3 0 5 7 2 4 1 6 
23 17 6 3 4 5 0 2 1 6 7 
23 15 8 1 3 2 7 4 5 0 6 
23 15 8 1 3 2 7 0 4 5 6 
23 15 8 1 2 7 0 4 3 5 6 
23 17 6 1 2 5 0 4 3 6 7 
23 16 7 5 3 7 0 2 4 6 1 
23 16 7 0 3 5 7 2 4 1 6 
23 17 6 1 3 2 7 6 4 5 0 
23 17 6 5 3 7 1 2 4 6 0 
24 10 14 7 4 5 1 0 3 6 2 
23 13 10 7 4 5 0 1 3 6 2 
23 14 9 7 4 5 2 1 3 6 0 
24 13 11 6 4 0 7 2 3 5 1 
23 14 9 6 4 5 7 2 3 0 1 
24 13 11 2 4 0 7 6 3 5 1 
23 14 9 2 4 5 7 6 3 0 1 
24 15 9 3 4 0 7 2 5 6 1 
24 16 8 3 1 5 7 0 4 6 2 
24 16 8 1 4 5 7 0 3 6 2 
24 15 9 0 1 7 3 2 4 5 6 
24 18 6 3 1 5 6 2 4 0 7 
24 18 6 1 4 5 6 2 3 0 7 
24 13 11 4 3 1 0 7 2 5 6 
24 16 8 2 1 0 7 3 4 6 5 
24 13 11 3 4 0 7 5 2 6 1 
24 9 15 0 4 1 2 7 3 5 6 
24 4 20 7 0 4 6 3 5 1 2 
23 5 18 7 5 4 6 3 0 1 2 
22 6 16 7 5 4 6 3 1 0 2 
21 7 14 7 5 4 6 3 1 2 0 
22 8 14 7 5 4 0 3 1 2 6 
23 7 16 7 5 0 6 3 1 4 2 
22 8 14 7 5 6 0 3 1 4 2 
22 9 13 7 5 6 2 3 1 4 0 
23 10 13 0 5 4 7 3 1 2 6 
23 10 13 0 5 6 7 3 1 4 2 
21 13 8 2 5 6 7 3 1 4 0 
23 11 12 3 5 4 7 0 1 2 6 
22 12 10 3 5 4 7 1 0 2 6 
21 13 8 3 5 4 7 1 2 0 6 
20 14 6 3 5 4 7 1 2 6 0 
22 14 8 3 5 0 7 1 2 4 6 
23 13 10 1 5 4 7 3 0 2 6 
22 14 8 1 5 4 7 3 2 0 6 
21 15 6 1 5 4 7 3 2 6 0 
23 11 12 3 5 6 7 0 1 4 2 
19 13 6 3 5 6 7 2 1 4 0 
22 12 10 3 5 6 7 1 0 4 2 
21 13 8 3 5 6 7 1 4 0 2 
20 14 6 3 5 6 7 1 4 2 0 
22 14 8 3 5 6 0 2 1 4 7 
22 14 8 3 5 6 7 2 1 0 4 
22 14 8 3 5 0 7 1 4 6 2 
23 13 10 1 5 6 7 3 0 4 2 
22 14 8 1 5 6 7 3 4 0 2 
21 15 6 1 5 6 7 3 4 2 0 
23 13 10 3 5 4 7 6 1 2 0 
23 15 8 3 5 4 0 1 2 6 7 
23 15 8 3 5 7 0 1 2 4 6 
23 15 8 3 0 5 7 1 2 4 6 
23 15 8 1 5 0 7 3 2 4 6 
23 15 8 3 5 6 0 1 4 2 7 
23 15 8 3 5 0 7 2 1 6 4 
23 15 8 3 5 7 0 1 4 6 2 
23 15 8 3 0 5 7 1 4 6 2 
23 15 8 1 5 0 7 3 4 6 2 
23 16 7 0 3 5 7 1 2 4 6 
23 16 7 3 5 7 2 1 4 6 0 
23 16 7 0 3 5 7 1 4 6 2 
21 19 2 2 3 5 7 1 4 6 0 
23 17 6 1 3 5 7 0 2 4 6 
23 19 4 1 3 5 7 6 2 4 0 
24 10 14 7 1 5 6 0 3 2 4 
24 18 6 1 3 0 7 4 2 6 5 
24 16 8 1 3 0 7 4 5 2 6 
24 17 7 1 3 5 0 7 4 2 6 
24 6 18 7 0 4 1 3 5 2 6 
23 7 16 7 5 4 1 3 0 2 6 
22 8 14 7 5 4 1 3 2 0 6 
21 9 12 7 5 4 1 3 2 6 0 
23 9 14 7 5 0 1 3 2 4 6 
22 10 12 7 5 1 0 3 2 4 6 
23 10 13 7 5 4 0 3 2 6 1 
23 11 12 7 5 1 6 3 2 4 0 
23 12 11 0 5 1 7 3 2 4 6 
23 13 10 3 5 1 7 0 2 4 6 
22 14 8 3 5 1 7 2 0 4 6 
21 15 6 3 5 1 7 2 4 0 6 
20 16 4 3 5 1 7 2 4 6 0 
23 15 8 3 5 1 7 6 2 4 0 
23 17 6 3 5 1 0 2 4 6 7 
24 16 8 2 1 5 7 0 3 6 4 
24 16 8 7 1 5 0 2 3 6 4 
24 14 10 3 0 1 7 4 2 5 6 
23 15 8 3 1 0 7 4 2 5 6 
24 12 12 6 4 0 1 2 3 5 7 
23 13 10 6 4 5 1 2 3 0 7 
24 14 10 6 4 1 5 2 3 0 7 
24 12 12 6 4 1 7 2 0 3 5 
24 12 12 2 4 0 1 6 3 5 7 
23 13 10 2 4 5 1 6 3 0 7 
24 14 10 2 4 1 5 6 3 0 7 
24 12 12 2 4 1 7 6 0 3 5 
24 12 12 4 0 3 7 2 5 1 6 
23 13 10 4 5 3 7 2 0 1 6 
24 14 10 4 1 7 5 2 0 3 6 
24 10 14 0 1 5 4 7 3 2 6 
24 11 13 2 4 0 5 7 3 1 6 
23 12 11 2 4 5 0 7 3 1 6 
24 11 13 2 4 1 5 7 0 3 6 
24 12 12 4 5 1 7 0 2 6 3 
23 13 10 4 5 1 7 2 0 6 3 
24 13 11 4 5 0 7 3 2 6 1 
24 13 11 0 5 1 7 3 2 6 4 
24 10 14 6 4 1 0 3 5 2 7 
24 10 14 6 4 1 7 3 5 0 2 
24 15 9 2 0 5 7 4 3 6 1 
23 16 7 2 3 5 7 4 0 6 1 
24 15 9 3 4 5 7 0 2 6 1 
21 17 4 3 4 5 7 1 2 6 0 
24 16 8 6 3 1 0 2 4 5 7 
24 16 8 6 3 1 7 2 4 0 5 
24 14 10 4 1 6 7 2 0 3 5 
24 16 8 4 1 3 7 2 0 5 6 
24 14 10 2 4 1 5 6 3 0 7 
24 12 12 4 0 5 6 2 1 3 7 
24 12 12 4 1 5 6 0 2 3 7 
24 12 12 2 4 0 1 6 3 5 7 
24 14 10 2 4 1 5 6 3 0 7 
24 14 10 2 0 5 7 3 1 4 6 
24 12 12 3 4 0 1 5 2 6 7 
24 13 11 0 4 1 3 5 2 6 7 
24 14 10 2 1 7 6 3 4 0 5 
24 12 12 2 4 0 7 3 5 1 6 
24 8 16 7 3 0 6 4 5 1 2 
23 9 14 7 3 6 0 4 5 1 2 
23 10 13 7 3 6 2 4 5 1 0 
24 11 13 0 3 1 6 4 5 2 7 
24 16 8 2 1 6 5 4 3 0 7 
24 14 10 2 1 6 7 4 0 3 5 
24 16 8 1 0 3 7 4 2 5 6 
24 14 10 1 0 3 7 4 5 6 2 
23 15 8 1 5 3 7 4 0 6 2 
24 14 10 1 7 0 6 2 3 5 4 
23 15 8 1 7 5 6 2 3 0 4 
23 15 8 1 7 6 0 2 3 5 4 
24 14 10 2 3 0 7 4 5 1 6 
24 14 10 3 4 1 0 6 2 5 7 
24 14 10 3 4 1 7 6 2 0 5 
24 7 17 4 3 0 6 7 5 1 2 
23 8 15 4 3 6 0 7 5 1 2 
23 9 14 4 3 6 2 7 5 1 0 
24 12 12 4 0 5 6 1 3 2 7 
23 13 10 4 3 5 6 1 0 2 7 
22 14 8 4 3 5 6 1 2 0 7 
23 15 8 4 3 5 6 1 2 7 0 
24 14 10 4 0 5 7 1 3 2 6 
23 15 8 4 3 5 7 1 0 2 6 
22 16 6 4 3 5 7 1 2 0 6 
24 12 12 4 5 0 1 3 2 6 7 
24 11 13 0 1 7 4 3 5 2 6 
24 16 8 2 4 0 5 1 3 6 7 
24 16 8 2 4 0 7 1 3 5 6 
24 15 9 4 3 0 7 2 6 5 1 
24 16 8 2 3 1 0 6 4 5 7 
24 16 8 2 3 1 7 6 4 0 5 
24 12 12 7 1 6 5 2 0 4 3 
24 16 8 1 4 3 7 0 2 5 6 
24 18 6 1 0 5 7 2 3 4 6 
24 18 6 1 3 7 6 2 4 0 5 
24 16 8 3 1 6 7 2 0 4 5 
24 16 8 5 4 1 0 2 3 6 7 
24 16 8 5 4 1 7 2 3 0 6 
24 12 12 7 3 1 0 5 4 2 6 
24 12 12 3 1 2 7 5 0 4 6 
24 14 10 3 1 2 7 0 4 6 5 
24 14 10 3 1 7 5 0 4 2 6 
24 10 14 3 0 6 7 4 5 1 2 
23 11 12 3 5 6 7 4 0 1 2 
22 12 10 3 5 6 7 4 1 0 2 
21 13 8 3 5 6 7 4 1 2 0 
23 13 10 3 5 0 7 4 1 6 2 
24 10 14 7 3 0 1 4 5 2 6 
24 12 12 7 0 3 1 2 4 5 6 
24 14 10 7 3 1 5 2 0 4 6 
24 17 7 0 3 1 5 2 4 6 7 
24 14 10 1 7 4 5 2 0 3 6 
24 16 8 2 3 1 0 6 4 5 7 
24 16 8 2 3 1 7 6 4 0 5 
24 18 6 1 3 0 7 2 6 5 4 
24 9 15 4 3 0 1 7 5 2 6 
24 14 10 4 1 5 0 6 3 2 7 
24 14 10 4 1 5 7 6 3 0 2 
24 12 12 7 5 1 0 4 3 2 6 
24 12 12 4 5 1 0 6 3 2 7 
24 12 12 4 5 1 7 6 3 0 2 
24 16 8 4 3 5 0 2 6 1 7 
24 12 12 5 7 1 6 2 4 0 3 
24 16 8 1 7 0 3 2 4 5 6 
23 17 6 1 7 3 0 2 4 5 6 
24 16 8 1 7 5 3 2 0 4 6 
24 15 9 7 3 0 5 2 4 6 1 
24 14 10 5 3 1 0 6 4 2 7 
24 14 10 5 3 1 7 6 4 0 2 
24 15 9 7 3 6 0 2 4 5 1 
24 16 8 1 3 0 5 4 2 7 6 
23 17 6 1 3 7 5 4 2 0 6 
22 18 4 1 3 7 5 4 2 6 0 
24 8 16 7 4 5 1 6 0 3 2 
24 10 14 7 4 5 1 0 3 2 6 
23 13 10 7 4 5 0 1 3 2 6 
24 10 14 7 4 1 0 6 3 2 5 
24 8 16 7 4 1 2 6 0 3 5 
24 18 6 3 1 7 0 2 4 6 5 
24 14 10 6 2 1 7 3 4 5 0 
24 13 11 0 4 1 7 3 2 6 5 
24 16 8 2 4 0 7 1 3 5 6 
24 13 11 4 3 6 7 0 2 5 1 
21 15 6 4 3 6 7 1 2 5 0 
24 12 12 7 1 6 0 4 3 2 5 
24 16 8 3 1 0 7 4 2 5 6 
24 18 6 6 3 5 7 1 4 2 0 
24 14 10 7 1 5 6 2 4 0 3 
24 11 13 4 3 0 6 2 7 5 1 
23 12 11 4 3 5 6 2 7 0 1 
23 12 11 4 3 6 0 2 7 5 1 
23 13 10 4 3 5 6 2 7 1 0 
23 13 10 4 3 6 1 2 7 5 0 
24 11 13 0 3 1 6 2 7 5 4 
24 11 13 0 3 1 4 2 7 5 6 
24 8 16 4 1 5 6 0 7 3 2 
20 10 10 4 1 5 6 2 7 3 0 
21 11 10 4 1 5 0 2 7 3 6 
23 11 12 4 1 5 6 2 7 0 3 
24 11 13 4 1 6 0 7 3 2 5 
24 12 12 4 1 6 5 0 3 2 7 
24 14 10 3 1 5 2 7 4 0 6 
23 15 8 3 1 5 2 7 4 6 0 
24 11 13 0 4 1 7 5 3 2 6 
24 14 10 2 1 3 6 0 4 5 7 
24 14 10 7 1 6 0 2 4 5 3 
24 14 10 2 1 6 5 0 4 3 7 
24 11 13 0 2 1 6 3 4 5 7 
24 12 12 7 5 3 1 2 0 4 6 
24 14 10 7 5 1 3 2 4 0 6 
23 15 8 7 5 1 3 2 4 6 0 
24 10 14 3 4 0 6 5 2 1 7 
23 11 12 3 4 6 0 5 2 1 7 
22 12 10 3 4 6 7 5 2 1 0 
24 12 12 3 4 0 1 5 2 7 6 
24 13 11 0 4 1 3 5 2 7 6 
24 13 11 2 3 0 1 7 4 5 6 
23 14 9 2 3 5 1 7 4 0 6 
22 15 7 2 3 5 1 7 4 6 0 
24 15 9 2 3 1 5 7 4 0 6 
23 16 7 2 3 1 5 7 4 6 0 
24 16 8 1 5 2 0 4 3 6 7 
24 12 12 4 1 0 6 3 2 5 7 
23 13 10 4 1 6 0 3 2 5 7 
22 14 8 4 1 6 7 3 2 5 0 
24 12 12 6 7 1 5 2 4 0 3 
24 16 8 1 6 7 5 2 4 0 3 
24 18 6 1 4 3 0 2 5 6 7 
24 12 12 3 4 6 7 0 1 2 5 
23 13 10 3 4 6 7 1 0 2 5 
22 14 8 3 4 6 7 1 2 0 5 
21 15 6 3 4 6 7 1 2 5 0 
23 15 8 3 4 0 7 1 2 6 5 
24 14 10 5 3 1 7 4 0 2 6 
23 15 8 5 3 1 7 4 2 0 6 
22 16 6 5 3 1 7 4 2 6 0 
24 14 10 6 3 1 7 4 5 2 0 
24 13 11 0 1 7 4 2 3 5 6 
24 14 10 1 3 7 4 0 2 5 6 
22 16 6 1 3 7 4 6 2 5 0 
24 15 9 0 1 7 5 2 4 3 6 
24 15 9 3 6 5 7 2 0 4 1 
24 16 8 3 6 5 0 2 4 1 7 
24 17 7 2 3 5 7 0 4 6 1 
24 18 6 1 3 6 5 4 2 0 7 
24 14 10 2 4 5 7 0 1 3 6 
23 15 8 2 4 5 7 1 0 3 6 
24 16 8 6 4 5 7 2 1 3 0 
24 16 8 6 1 5 7 4 2 3 0 
24 12 12 4 3 1 7 0 5 2 6 
24 14 10 6 3 1 7 4 5 2 0 
24 13 11 0 5 1 7 3 4 2 6 
24 14 10 3 1 2 0 4 5 6 7 
24 14 10 2 3 1 6 4 0 5 7 
24 14 10 7 3 1 6 4 2 5 0 
24 12 12 4 3 1 0 6 5 2 7 
24 15 9 4 3 0 7 2 6 5 1 
24 15 9 0 3 1 7 2 6 5 4 
24 14 10 4 3 0 1 2 6 5 7 
23 15 8 4 3 5 1 2 6 0 7 
24 16 8 4 3 1 5 2 6 0 7 
24 14 10 4 3 0 7 2 6 1 5 
24 16 8 3 4 1 0 2 6 5 7 
24 18 6 1 5 3 7 2 0 4 6 
24 12 12 2 3 0 1 4 7 5 6 
23 13 10 2 3 5 1 4 7 0 6 
22 14 8 2 3 5 1 4 7 6 0 
24 14 10 2 3 1 5 4 7 0 6 
23 15 8 2 3 1 5 4 7 6 0 
24 14 10 4 3 1 0 2 7 6 5 
24 13 11 3 1 6 2 4 0 5 7 
24 13 11 0 1 5 6 3 4 2 7 
24 15 9 0 1 5 7 3 4 2 6 
24 14 10 2 5 1 7 0 4 3 6 
24 14 10 5 0 1 7 2 4 3 6 
23 15 8 5 1 0 7 2 4 3 6 
22 16 6 5 1 3 7 2 4 0 6 
21 17 4 5 1 3 7 2 4 6 0 
24 16 8 6 5 1 7 2 4 3 0 
24 18 6 6 1 5 7 2 3 4 0 
24 14 10 2 3 1 7 0 5 4 6 
24 16 8 5 3 1 7 2 0 4 6 
23 17 6 5 3 1 7 2 4 0 6 
22 18 4 5 3 1 7 2 4 6 0 
24 16 8 6 3 1 7 2 5 4 0 
24 12 12 3 0 1 7 4 6 5 2 
23 13 10 3 1 0 7 4 6 5 2 
22 14 8 3 1 5 7 4 6 0 2 
21 15 6 3 1 5 7 4 6 2 0 
23 15 8 3 1 5 7 4 0 6 2 
24 8 16 7 4 0 6 5 2 1 3 
23 9 14 7 4 6 0 5 2 1 3 
22 10 12 7 4 6 3 5 2 1 0 
24 11 13 0 4 1 6 5 2 3 7 
23 13 10 6 4 1 0 5 2 3 7 
24 10 14 7 4 0 1 5 2 3 6 
23 11 12 7 4 3 1 5 2 0 6 
22 12 10 7 4 3 1 5 2 6 0 
24 11 13 0 4 1 7 5 2 3 6 
24 12 12 7 4 1 3 5 2 0 6 
23 13 10 7 4 1 3 5 2 6 0 
24 10 14 7 4 1 3 6 5 0 2 
24 9 15 7 4 1 2 3 0 5 6 
24 9 15 0 4 1 2 7 3 5 6 
24 14 10 4 1 5 7 3 0 6 2 
24 15 9 4 3 7 0 2 5 6 1 
24 18 6 3 1 7 0 2 4 6 5 
24 9 15 7 4 1 2 3 0 5 6 
24 9 15 0 4 1 2 7 3 5 6 
24 14 10 2 1 0 6 4 3 5 7 
24 14 10 2 1 5 6 4 0 3 7 
24 13 11 3 4 1 6 7 2 5 0 
24 14 10 3 4 1 0 6 2 5 7 
24 10 14 0 4 5 1 7 2 3 6 
21 12 9 1 4 5 0 7 2 3 6 
22 13 9 1 4 5 6 7 2 3 0 
24 14 10 4 3 6 1 2 5 0 7 
24 10 14 6 4 5 1 0 3 2 7 
23 13 10 6 4 5 0 1 3 2 7 
22 14 8 6 4 5 7 1 3 2 0 
24 16 8 2 1 5 7 4 0 6 3 
24 16 8 3 5 0 7 2 1 4 6 
24 14 10 7 3 1 6 4 2 5 0 
24 8 16 6 4 1 2 7 0 3 5 
24 18 6 1 4 6 5 2 3 7 0 
24 10 14 4 5 0 6 3 2 1 7 
23 11 12 4 5 6 0 3 2 1 7 
22 12 10 4 5 6 7 3 2 1 0 
24 11 13 0 1 6 4 3 5 2 7 
24 10 14 5 4 1 6 0 3 2 7 
24 18 6 1 3 6 5 4 2 0 7 
24 18 6 1 4 3 7 2 0 6 5 
24 10 14 0 3 4 1 7 2 5 6 
21 12 9 1 3 4 0 7 2 5 6 
22 13 9 1 3 4 6 7 2 5 0 
23 13 10 1 3 0 4 7 2 5 6 
23 14 9 1 3 5 4 7 2 0 6 
22 15 7 1 3 5 4 7 2 6 0 
23 16 7 1 3 5 0 7 2 6 4 
24 14 10 2 4 1 5 3 0 6 7 
24 18 6 3 1 5 7 2 6 0 4 
23 19 4 3 1 5 7 2 6 4 0 
24 12 12 2 1 6 4 7 3 0 5 
24 13 11 4 1 5 0 7 3 6 2 
24 10 14 3 4 1 0 6 7 5 2 
23 11 12 3 4 1 2 6 7 5 0 
24 14 10 2 4 1 5 3 0 6 7 
24 12 12 5 4 7 0 3 2 1 6 
24 16 8 3 0 1 7 2 4 6 5 
24 16 8 4 3 0 7 2 1 5 6 
24 18 6 3 4 5 0 2 1 6 7 
24 8 16 4 6 0 7 3 5 1 2 
23 9 14 4 6 1 7 3 5 0 2 
22 10 12 4 6 1 7 3 5 2 0 
24 10 14 5 4 6 7 0 3 1 2 
20 12 8 5 4 6 7 2 3 1 0 
22 13 9 5 4 6 7 2 3 0 1 
23 13 10 5 4 6 0 2 3 1 7 
23 14 9 5 4 0 7 2 3 6 1 
24 12 12 5 4 6 0 3 1 2 7 
24 8 16 4 7 1 6 3 0 5 2 
24 10 14 4 7 1 0 6 3 5 2 
24 10 14 3 7 1 6 4 5 0 2 
23 11 12 3 7 1 6 4 5 2 0 
24 10 14 3 7 1 6 0 4 5 2 
20 12 8 3 7 1 6 2 4 5 0 
21 13 8 3 7 1 0 2 4 5 6 
23 13 10 3 7 1 6 2 4 0 5 
24 12 12 2 0 7 1 4 3 5 6 
23 13 10 2 3 7 1 4 0 5 6 
24 14 10 1 0 5 7 4 6 3 2 
24 10 14 2 7 4 1 3 0 5 6 
24 12 12 3 7 4 1 2 5 0 6 
23 13 10 3 7 4 1 2 5 6 0 
24 12 12 4 3 1 0 6 5 2 7 
24 13 11 0 1 2 4 3 5 6 7 
24 10 14 2 7 1 6 4 0 3 5 
24 12 12 2 7 1 0 6 4 3 5 
23 13 10 2 7 1 5 6 4 3 0 
24 16 8 1 0 3 7 2 6 4 5 
23 17 6 1 3 0 7 2 6 4 5 
24 16 8 2 3 1 0 6 4 5 7 
24 12 12 2 7 5 1 4 0 3 6 
24 14 10 3 4 6 1 2 5 7 0 
24 14 10 3 4 0 1 2 5 6 7 
24 14 10 3 4 6 1 2 0 5 7 
24 16 8 2 3 1 0 6 4 5 7 
24 14 10 6 1 5 0 4 3 2 7 
24 11 13 0 4 1 7 3 5 6 2 
24 14 10 4 5 7 0 2 1 3 6 
24 16 8 4 5 3 0 2 1 6 7 
24 14 10 3 4 7 6 2 5 1 0 
24 14 10 3 5 7 0 4 2 1 6 
24 18 6 1 4 6 5 2 3 7 0 
24 18 6 1 4 7 6 2 3 5 0 
24 12 12 3 4 1 7 0 6 5 2 
20 14 6 3 4 1 7 2 6 5 0 
23 15 8 3 4 1 0 2 6 5 7 
24 11 13 7 5 0 6 2 4 3 1 
23 12 11 7 5 3 6 2 4 0 1 
23 12 11 7 5 6 0 2 4 3 1 
23 13 10 7 5 3 6 2 4 1 0 
23 13 10 7 5 6 1 2 4 3 0 
24 13 11 4 3 1 0 7 2 5 6 
24 10 14 6 4 1 7 3 5 0 2 
24 10 14 6 0 1 7 3 4 5 2 
23 11 12 6 1 0 7 3 4 5 2 
22 12 10 6 1 5 7 3 4 0 2 
21 13 8 6 1 5 7 3 4 2 0 
24 10 14 6 4 1 7 3 5 0 2 
24 12 12 4 1 5 7 0 6 3 2 
20 14 6 4 1 5 7 2 6 3 0 
23 15 8 4 1 5 0 2 6 3 7 
23 15 8 4 1 5 7 2 6 0 3 
24 12 12 3 4 7 6 5 2 1 0 
24 13 11 2 0 6 7 3 4 5 1 
24 13 11 4 6 7 0 2 3 5 1 
24 18 6 1 4 7 6 2 3 5 0 
24 8 16 7 0 6 2 3 4 5 1 
24 8 16 7 4 6 2 0 3 5 1 
21 10 11 7 4 6 2 1 3 5 0 
23 11 12 7 4 6 0 1 3 5 2 
24 12 12 4 1 6 7 3 5 0 2 
24 14 10 3 1 0 7 4 5 6 2 
24 8 16 7 0 2 1 3 4 5 6 
23 9 14 7 2 0 1 3 4 5 6 
22 10 12 7 2 5 1 3 4 0 6 
21 11 10 7 2 5 1 3 4 6 0 
22 10 12 7 2 1 0 3 4 5 6 
23 12 11 7 2 5 0 3 4 6 1 
23 11 12 7 2 1 6 3 4 5 0 
24 8 16 7 4 2 1 0 3 5 6 
23 11 12 7 4 2 0 1 3 5 6 
24 10 14 0 4 2 7 3 5 6 1 
21 13 8 1 4 2 7 3 5 6 0 
24 18 6 5 1 3 0 2 4 6 7 
24 11 13 0 3 1 4 6 7 5 2 
22 14 8 2 3 1 4 6 7 5 0 
24 11 13 4 1 6 2 3 5 0 7 
24 13 11 3 1 0 5 7 4 6 2 
23 14 9 3 1 5 0 7 4 6 2 
24 13 11 3 1 6 2 4 0 5 7 
24 12 12 4 5 7 6 3 2 1 0 
24 12 12 4 2 5 7 3 0 1 6 
23 13 10 4 2 5 7 3 1 0 6 
22 14 8 4 2 5 7 3 1 6 0 
24 15 9 2 5 0 7 3 4 6 1 
24 17 7 3 5 6 7 2 4 0 1 
24 17 7 3 5 7 0 2 4 6 1 
24 16 8 2 1 3 7 4 5 0 6 
23 17 6 2 1 3 7 4 5 6 0 
24 14 10 2 1 5 6 0 3 4 7 
24 16 8 2 1 6 5 3 4 7 0 
24 16 8 2 1 0 5 3 4 6 7 
24 12 12 2 4 1 0 3 5 7 6 
24 14 10 3 1 6 5 0 4 2 7 
24 14 10 3 1 6 7 0 4 2 5 
24 16 8 2 3 1 0 6 4 5 7 
24 18 6 1 5 7 4 2 3 6 0 
24 10 14 3 6 0 7 5 4 1 2 
23 11 12 3 6 1 7 5 4 0 2 
22 12 10 3 6 1 7 5 4 2 0 
24 14 10 3 4 7 6 2 5 1 0 
24 18 6 1 3 0 5 2 4 7 6 
24 14 10 1 5 2 6 4 3 7 0 
24 16 8 1 5 0 7 4 3 6 2 
24 18 6 1 3 0 7 4 2 6 5 
24 16 8 1 4 5 7 0 3 2 6 
24 14 10 3 1 2 7 0 4 5 6 
24 16 8 2 4 7 0 1 3 6 5 
23 17 6 2 4 7 5 1 3 6 0 
24 15 9 4 3 7 0 2 5 6 1 
24 18 6 1 5 7 6 2 4 3 0 
24 12 12 2 3 1 6 4 0 7 5 
24 18 6 1 6 5 7 2 4 0 3 
24 16 8 1 3 4 0 2 5 7 6 
24 16 8 1 0 3 4 2 5 7 6 
24 16 8 1 2 5 7 0 4 3 6 
24 18 6 1 2 5 0 4 3 6 7 
24 16 8 1 5 7 0 4 2 3 6 
24 18 6 1 5 3 0 4 2 6 7 
24 16 8 2 3 1 7 4 0 6 5 
24 10 14 6 4 1 3 7 5 0 2 
24 11 13 6 7 4 0 2 3 5 1 
24 11 13 7 3 0 6 2 5 4 1 
23 12 11 7 3 6 0 2 5 4 1 
23 13 10 7 3 6 1 2 5 4 0 
24 16 8 2 3 1 0 6 4 5 7 
24 14 10 1 6 0 4 2 3 5 7 
23 15 8 1 6 5 4 2 3 0 7 
23 15 8 1 6 4 0 2 3 5 7 
22 16 6 1 6 4 7 2 3 5 0 
24 18 6 1 4 5 0 2 3 7 6 
24 11 13 4 5 1 6 7 3 2 0 
24 12 12 4 5 1 0 6 3 2 7 
24 12 12 5 4 1 0 3 2 7 6 
24 14 10 1 3 6 4 0 5 2 7 
23 15 8 1 3 6 4 5 0 2 7 
22 16 6 1 3 6 4 5 2 0 7 
21 17 4 1 3 6 4 5 2 7 0 
23 17 6 1 3 0 4 5 2 6 7 
24 14 10 3 4 1 5 2 0 7 6 
24 12 12 3 0 1 6 2 4 7 5 
23 13 10 3 1 0 6 2 4 7 5 
22 14 8 3 1 7 6 2 4 0 5 
22 14 8 3 1 6 0 2 4 7 5 
21 15 6 3 1 6 5 2 4 7 0 
24 14 10 4 5 0 7 2 3 1 6 
23 15 8 4 5 1 7 2 3 0 6 
22 16 6 4 5 1 7 2 3 6 0 
24 13 11 4 5 6 7 2 0 3 1 
24 12 12 5 4 7 0 3 1 6 2 
24 12 12 4 0 7 1 2 3 5 6 
23 13 10 4 3 7 1 2 0 5 6 
24 17 7 0 3 5 7 2 4 1 6 
24 12 12 2 7 1 0 5 4 3 6 
24 14 10 3 4 1 0 2 5 7 6 
24 15 9 3 5 0 7 2 6 4 1 
24 16 8 3 1 5 0 4 2 7 6 
24 13 11 6 7 5 0 2 4 3 1 
24 18 6 1 4 3 5 2 0 6 7 
24 12 12 6 3 1 0 5 4 2 7 
24 12 12 3 1 2 6 5 0 4 7 
24 14 10 3 1 0 7 5 4 6 2 
24 18 6 1 3 4 7 2 0 5 6 
24 14 10 2 3 6 0 5 4 1 7 
24 11 13 3 4 6 7 5 0 2 1 
23 12 11 3 4 6 7 5 2 0 1 
24 14 10 1 4 6 7 3 0 5 2 
24 16 8 1 5 0 7 4 3 6 2 
24 18 6 1 3 5 4 2 6 7 0 
24 12 12 7 3 4 0 2 5 1 6 
24 16 8 1 3 0 4 2 5 6 7 
24 18 6 1 3 0 7 2 5 6 4 
24 18 6 1 4 5 7 2 0 6 3 
24 18 6 1 5 0 7 2 4 6 3 
24 12 12 6 5 1 0 4 3 2 7 
24 14 10 1 3 6 0 4 7 5 2 
24 14 10 1 3 6 4 2 7 0 5 
24 12 12 1 6 5 4 7 0 3 2 
24 13 11 1 6 5 0 7 3 2 4 
24 14 10 1 5 3 4 7 0 6 2 
23 15 8 1 5 3 4 7 6 0 2 
22 16 6 1 5 3 4 7 6 2 0 
24 14 10 3 0 5 1 2 4 7 6 
24 14 10 2 5 6 0 4 3 1 7 
24 16 8 2 4 5 0 3 1 6 7 
24 16 8 2 4 5 7 3 1 0 6 
24 16 8 3 4 0 7 2 1 5 6 
24 13 11 5 3 1 6 7 4 2 0 
24 14 10 5 3 1 0 6 4 2 7 
24 12 12 5 3 6 7 4 0 1 2 
23 13 10 5 3 6 7 4 1 0 2 
22 14 8 5 3 6 7 4 1 2 0 
24 15 9 5 3 6 7 2 0 4 1 
24 15 9 2 3 0 7 5 4 6 1 
24 14 10 3 4 0 7 1 5 6 2 
24 14 10 3 4 6 7 1 0 5 2 
24 16 8 1 4 5 7 3 6 0 2 
23 17 6 1 4 5 7 3 6 2 0 
24 16 8 1 0 5 7 3 4 6 2 
24 16 8 1 4 5 7 0 3 6 2 
24 16 8 3 5 0 7 2 4 1 6 
24 16 8 1 3 0 7 4 5 2 6 
24 16 8 1 2 7 6 4 3 5 0 
24 5 19 0 7 4 6 3 5 1 2 
22 8 14 2 7 4 6 3 5 1 0 
23 7 16 6 7 4 0 3 5 1 2 
22 8 14 6 7 4 2 3 5 1 0 
23 9 14 2 7 4 0 3 5 1 6 
24 6 18 7 5 4 6 0 3 1 2 
20 8 12 7 5 4 6 2 3 1 0 
21 9 12 7 5 4 0 2 3 1 6 
22 9 13 7 5 4 6 2 3 0 1 
22 11 11 0 5 4 7 2 3 1 6 
23 10 13 7 5 0 6 2 3 4 1 
22 11 11 7 5 6 0 2 3 4 1 
22 12 10 7 5 6 1 2 3 4 0 
23 13 10 0 5 6 7 2 3 4 1 
20 16 4 1 5 6 7 2 3 4 0 
23 17 6 1 5 6 0 2 3 4 7 
24 8 16 7 0 5 6 3 1 4 2 
23 9 14 7 1 5 6 3 0 4 2 
22 10 12 7 1 5 6 3 4 0 2 
21 11 10 7 1 5 6 3 4 2 0 
22 12 10 7 1 5 0 3 4 2 6 
23 14 9 0 1 5 7 3 4 2 6 
23 15 8 1 0 5 7 3 4 2 6 
24 14 10 2 5 6 0 3 1 4 7 
24 14 10 2 5 6 7 3 1 0 4 
24 14 10 1 5 4 7 0 3 2 6 
24 16 8 1 5 4 0 3 2 6 7 
24 16 8 3 5 0 7 2 1 4 6 
24 16 8 1 5 6 0 3 4 2 7 
24 16 8 3 5 7 6 1 2 4 0 
24 16 8 3 2 5 7 1 0 4 6 
23 17 6 3 2 5 7 1 4 0 6 
22 18 4 3 2 5 7 1 4 6 0 
24 16 8 1 5 7 0 3 2 4 6 
24 16 8 3 5 7 0 2 1 6 4 
24 16 8 3 0 5 7 2 1 6 4 
24 16 8 3 4 5 7 1 0 6 2 
24 16 8 1 5 7 0 3 4 6 2 
24 16 8 1 0 5 7 3 4 6 2 
24 20 4 2 3 5 0 1 4 6 7 
24 20 4 2 3 5 7 1 4 0 6 
24 7 17 0 7 4 1 3 5 2 6 
21 9 12 1 7 4 0 3 5 2 6 
22 10 12 1 7 4 6 3 5 2 0 
22 10 12 1 7 0 4 3 5 2 6 
21 11 10 1 7 2 4 3 5 0 6 
20 12 8 1 7 2 4 3 5 6 0 
23 11 12 1 0 7 4 3 5 2 6 
23 13 10 1 7 2 0 3 5 6 4 
24 8 16 7 5 4 1 0 3 2 6 
23 11 12 7 5 4 0 1 3 2 6 
24 10 14 7 0 5 1 3 2 4 6 
24 12 12 0 5 4 7 3 2 6 1 
24 16 8 3 5 0 7 2 4 1 6 
24 14 10 6 4 5 1 2 3 7 0 
24 14 10 2 4 5 1 6 3 7 0 
24 13 11 0 4 3 7 2 5 1 6 
24 11 13 1 0 5 4 7 3 2 6 
23 12 11 1 3 5 4 7 0 2 6 
22 13 9 1 3 5 4 7 2 0 6 
21 14 7 1 3 5 4 7 2 6 0 
22 15 7 1 3 5 0 7 2 6 4 
24 13 11 0 5 1 7 4 2 6 3 
24 14 10 4 5 1 7 2 6 0 3 
23 15 8 4 5 1 7 2 6 3 0 
24 14 10 3 5 1 7 0 2 6 4 
23 15 8 3 5 1 7 2 0 6 4 
24 17 7 2 3 5 7 4 6 0 1 
24 17 7 2 3 5 7 0 4 6 1 
24 18 6 3 4 5 0 1 2 6 7 
24 18 6 3 4 5 7 1 2 0 6 
24 13 11 0 4 5 6 2 1 3 7 
24 13 11 0 1 5 6 4 2 3 7 
24 11 13 0 3 6 7 4 5 1 2 
22 14 8 2 3 6 7 4 5 1 0 
24 16 8 1 5 3 7 4 6 0 2 
23 17 6 1 5 3 7 4 6 2 0 
24 16 8 1 5 3 7 0 4 6 2 
24 16 8 1 7 6 4 2 3 5 0 
24 16 8 4 3 5 0 1 2 7 6 
24 12 12 3 1 7 4 0 5 2 6 
22 14 8 3 1 7 4 6 5 2 0 
23 13 10 3 1 7 4 5 0 2 6 
22 14 8 3 1 7 4 5 2 0 6 
21 15 6 3 1 7 4 5 2 6 0 
23 15 8 3 1 0 4 5 2 7 6 
24 12 12 1 0 7 4 3 5 2 6 
24 14 10 6 1 7 4 3 5 2 0 
24 18 6 1 4 3 7 6 2 5 0 
24 16 8 3 1 7 5 6 4 2 0 
24 12 12 3 5 6 7 0 4 1 2 
20 14 6 3 5 6 7 2 4 1 0 
22 15 7 3 5 6 7 2 4 0 1 
23 15 8 3 5 6 0 2 4 1 7 
24 14 10 3 5 6 0 4 1 2 7 
24 14 10 3 5 7 0 4 1 6 2 
24 10 14 4 3 2 1 7 5 0 6 
23 11 12 4 3 2 1 7 5 6 0 
24 18 6 1 7 3 6 2 4 5 0 
24 14 10 7 4 5 6 1 3 2 0 
24 14 10 0 3 6 7 4 2 5 1 
24 16 8 4 3 6 0 1 2 5 7 
24 16 8 4 3 6 7 1 2 0 5 
24 13 11 4 3 5 6 2 0 7 1 
24 14 10 4 3 5 0 2 7 1 6 
24 14 10 6 3 1 4 2 7 5 0 
24 9 15 0 1 5 6 4 7 3 2 
22 12 10 2 1 5 6 4 7 3 0 
23 13 10 2 1 5 0 4 7 3 6 
24 12 12 4 1 0 5 2 7 3 6 
23 13 10 4 1 3 5 2 7 0 6 
22 14 8 4 1 3 5 2 7 6 0 
24 14 10 4 1 5 3 2 7 0 6 
23 15 8 4 1 5 3 2 7 6 0 
24 12 12 4 1 5 6 2 0 7 3 
24 13 11 0 1 6 5 4 3 2 7 
24 12 12 3 2 1 6 0 4 5 7 
24 13 11 3 4 6 7 5 2 0 1 
24 16 8 6 4 1 3 5 2 7 0 
24 16 8 3 4 6 0 1 2 5 7 
24 16 8 3 4 7 0 1 2 6 5 
23 17 6 3 4 7 5 1 2 6 0 
24 16 8 2 4 5 7 6 1 3 0 
24 16 8 2 0 5 7 1 4 3 6 
24 16 8 4 3 5 1 2 6 7 0 
24 16 8 4 3 5 1 2 0 6 7 
24 14 10 2 3 5 1 4 0 7 6 
24 15 9 2 3 5 0 4 7 6 1 
24 14 10 1 0 5 6 3 4 2 7 
24 16 8 1 0 5 7 3 4 2 6 
24 16 8 2 5 1 7 6 4 3 0 
24 16 8 5 1 7 0 2 4 3 6 
24 18 6 5 1 3 0 2 4 6 7 
24 16 8 2 3 1 7 6 5 4 0 
24 14 10 3 1 7 0 4 6 5 2 
24 16 8 3 1 5 0 4 6 2 7 
24 11 13 7 4 6 3 5 2 0 1 
24 14 10 6 4 1 7 5 2 3 0 
24 13 11 7 4 3 0 5 2 6 1 
24 12 12 5 4 1 7 0 2 3 6 
23 13 10 5 4 1 7 2 0 3 6 
22 14 8 5 4 1 7 2 3 0 6 
24 14 10 6 4 1 7 5 2 3 0 
24 16 8 4 3 7 1 2 5 6 0 
24 13 11 1 4 0 5 7 2 3 6 
23 14 9 1 4 3 5 7 2 0 6 
22 15 7 1 4 3 5 7 2 6 0 
24 15 9 1 4 5 3 7 2 0 6 
23 16 7 1 4 5 3 7 2 6 0 
24 11 13 0 4 5 1 6 3 2 7 
21 13 8 1 4 5 0 6 3 2 7 
24 13 11 4 5 6 7 3 2 0 1 
24 12 12 3 1 6 4 0 5 2 7 
23 13 10 3 1 6 4 5 0 2 7 
22 14 8 3 1 6 4 5 2 0 7 
21 15 6 3 1 6 4 5 2 7 0 
23 15 8 3 1 0 4 5 2 6 7 
24 15 9 1 3 4 5 7 2 0 6 
23 16 7 1 3 4 5 7 2 6 0 
24 14 10 1 0 3 4 7 2 5 6 
23 15 8 1 2 3 4 7 0 5 6 
22 16 6 1 2 3 4 7 5 0 6 
21 17 4 1 2 3 4 7 5 6 0 
24 17 7 0 3 1 7 2 4 6 5 
24 10 14 4 6 1 7 3 0 5 2 
24 15 9 5 4 7 0 2 3 6 1 
24 11 13 4 7 1 2 6 3 5 0 
24 12 12 3 7 1 0 4 5 2 6 
24 14 10 3 7 0 1 2 4 5 6 
23 15 8 3 7 5 1 2 4 0 6 
22 16 6 3 7 5 1 2 4 6 0 
24 16 8 3 7 1 5 2 4 0 6 
23 17 6 3 7 1 5 2 4 6 0 
24 14 10 2 3 7 1 4 5 0 6 
23 15 8 2 3 7 1 4 5 6 0 
24 14 10 2 3 7 1 0 4 5 6 
23 17 6 2 3 7 0 1 4 5 6 
24 14 10 3 1 2 4 0 5 6 7 
23 15 8 3 1 2 4 5 0 6 7 
22 16 6 3 1 2 4 5 6 0 7 
21 17 4 3 1 2 4 5 6 7 0 
24 14 10 1 0 2 4 3 5 6 7 
23 15 8 1 2 0 4 3 5 6 7 
24 18 6 1 3 4 7 2 6 0 5 
23 19 4 1 3 4 7 2 6 5 0 
24 18 6 1 3 7 0 2 6 4 5 
23 19 4 1 3 7 5 2 6 4 0 
24 12 12 3 4 1 7 0 5 6 2 
24 14 10 0 5 6 7 2 4 3 1 
21 17 4 1 5 6 7 2 4 3 0 
24 14 10 7 5 3 0 2 4 1 6 
24 11 13 0 6 1 7 3 4 5 2 
22 14 8 2 6 1 7 3 4 5 0 
24 12 12 6 1 7 0 3 4 5 2 
24 14 10 6 1 5 0 3 4 2 7 
24 13 11 0 1 5 7 4 6 3 2 
22 16 6 2 1 5 7 4 6 3 0 
24 16 8 4 1 5 7 2 0 6 3 
24 14 10 4 6 7 1 2 3 5 0 
24 9 15 0 7 6 2 3 4 5 1 
21 12 9 1 7 6 2 3 4 5 0 
22 11 11 2 7 6 0 3 4 5 1 
22 12 10 2 7 6 1 3 4 5 0 
23 13 10 1 7 6 0 3 4 5 2 
24 11 13 7 4 6 2 1 3 0 5 
24 13 11 0 4 6 7 1 3 5 2 
24 9 15 0 7 2 1 3 4 5 6 
21 11 10 1 7 2 0 3 4 5 6 
22 12 10 1 7 2 6 3 4 5 0 
23 12 11 1 7 0 2 3 4 5 6 
22 13 9 1 7 5 2 3 4 0 6 
21 14 7 1 7 5 2 3 4 6 0 
23 15 8 1 7 5 0 3 4 6 2 
24 14 10 0 2 5 7 3 4 6 1 
21 17 4 1 2 5 7 3 4 6 0 
24 10 14 7 4 2 1 6 3 5 0 
24 12 12 7 4 2 6 1 3 5 0 
24 13 11 0 4 2 7 1 3 5 6 
24 11 13 3 4 2 7 0 5 6 1 
21 13 8 3 4 2 7 1 5 6 0 
24 14 10 1 4 2 0 3 5 6 7 
24 14 10 1 4 2 7 3 5 0 6 
24 12 12 4 1 6 2 3 5 7 0 
24 18 6 3 5 6 7 2 4 1 0 
24 18 6 3 5 7 1 2 4 6 0 
24 15 9 0 1 5 6 2 3 4 7 
24 16 8 3 1 2 7 6 4 5 0 
24 16 8 4 3 7 1 2 5 6 0 
24 18 6 1 2 5 7 6 4 3 0 
24 14 10 0 3 6 7 2 5 4 1 
21 17 4 1 3 6 7 2 5 4 0 
24 16 8 1 6 5 4 2 3 7 0 
24 18 6 1 3 6 0 5 2 7 4 
24 18 6 1 3 4 0 5 2 6 7 
24 18 6 1 0 3 4 5 2 6 7 
23 19 4 1 2 3 4 5 0 6 7 
22 20 2 1 2 3 4 5 6 0 7 
21 21 0 1 2 3 4 5 6 7 0 
