0 0 0 7 0 1 6 3 4 5 2 
0 0 7 7 1 0 6 3 4 5 2 
0 0 6 7 1 5 6 3 4 0 2 
0 0 5 7 1 5 6 3 4 2 0 
0 0 6 7 1 5 0 3 4 2 6 
0 0 5 0 1 5 7 3 4 2 6 
0 0 4 1 0 5 7 3 4 2 6 
0 0 4 6 1 5 7 3 4 2 0 
0 0 5 3 1 5 7 0 4 2 6 
0 0 4 3 1 5 7 6 4 2 0 
0 0 5 1 4 5 7 3 0 2 6 
0 0 5 1 5 0 7 3 4 2 6 
0 0 5 6 1 5 7 3 4 0 2 
0 0 5 6 1 5 7 0 4 2 3 
0 0 5 3 0 5 7 1 4 2 6 
0 0 4 0 3 5 7 1 4 2 6 
0 0 3 1 3 5 7 0 4 2 6 
0 0 2 1 3 5 7 6 4 2 0 
0 0 3 6 3 5 7 1 4 2 0 
0 0 3 1 3 5 7 6 4 0 2 
0 0 4 1 3 5 7 4 0 2 6 
0 0 4 1 3 5 0 7 4 2 6 
0 0 3 1 3 5 6 7 4 2 0 
0 0 4 1 3 5 0 6 4 2 7 
0 0 4 1 3 0 7 6 4 2 5 
0 0 4 0 3 5 7 6 4 2 1 
0 0 4 6 3 5 7 1 4 0 2 
0 0 4 6 3 5 7 0 4 2 1 
0 0 4 1 3 0 7 6 4 5 2 
0 0 4 1 3 5 7 6 0 4 2 
0 0 4 1 3 5 7 4 2 0 6 
0 0 2 1 3 5 7 4 2 6 0 
0 0 3 1 3 5 7 0 2 6 4 
0 0 2 1 3 5 7 2 0 6 4 
0 0 3 1 3 5 7 2 6 0 4 
0 0 2 1 3 5 7 2 6 4 0 
0 0 3 1 0 5 7 2 3 6 4 
0 0 4 1 3 5 2 7 4 0 6 
0 0 2 1 3 5 2 7 4 6 0 
0 0 3 1 3 5 0 7 4 6 2 
0 0 2 1 3 5 7 0 4 6 2 
0 0 0 1 3 5 7 2 4 6 0 
