12 0 12 3 1 0 6 4 5 2 7 
13 1 12 3 1 2 6 4 5 0 7 
13 2 11 3 1 2 6 4 5 7 0 
14 2 12 3 1 2 6 4 0 5 7 
14 3 11 3 1 2 0 4 5 7 6 
15 3 12 3 1 2 6 0 4 5 7 
16 4 12 3 1 2 6 0 5 7 4 
15 5 10 3 1 2 6 5 0 7 4 
15 7 8 3 1 2 0 6 5 7 4 
14 8 6 3 1 2 4 6 5 7 0 
16 6 10 3 1 2 7 4 5 0 6 
15 7 8 3 1 2 7 4 5 6 0 
16 5 11 3 1 2 6 7 4 5 0 
16 6 10 3 1 2 0 6 4 5 7 
15 7 8 3 1 2 7 6 4 5 0 
16 6 10 3 1 2 6 5 7 0 4 
17 3 14 3 0 2 6 4 1 5 7 
16 4 12 3 2 0 6 4 1 5 7 
15 5 10 3 2 5 6 4 1 0 7 
15 5 10 3 2 6 0 4 1 5 7 
14 6 8 3 2 6 7 4 1 5 0 
16 6 10 3 2 5 6 4 1 7 0 
17 4 13 3 1 0 2 4 5 7 6 
16 5 11 3 1 7 2 4 5 0 6 
15 6 9 3 1 7 2 4 5 6 0 
17 5 12 0 1 2 3 4 5 7 6 
17 4 13 0 1 2 6 3 4 5 7 
17 9 8 3 1 2 4 6 5 0 7 
17 7 10 3 1 0 7 4 5 2 6 
17 7 10 3 1 2 7 4 0 5 6 
17 6 11 3 1 2 0 7 4 5 6 
17 7 10 3 1 2 6 5 7 4 0 
17 4 13 0 3 2 6 4 1 5 7 
17 7 10 3 2 6 7 4 1 0 5 
17 7 10 3 2 5 0 4 1 7 6 
17 6 11 3 1 7 2 4 0 5 6 
17 7 10 3 1 7 0 4 5 6 2 
17 6 11 1 0 2 3 4 5 7 6 
16 7 9 1 2 0 3 4 5 7 6 
15 8 7 1 2 3 0 4 5 7 6 
16 9 7 1 2 3 6 4 5 7 0 
17 8 9 6 1 2 3 4 5 7 0 
17 5 12 1 0 2 6 3 4 5 7 
16 6 10 1 2 0 6 3 4 5 7 
15 7 8 1 2 5 6 3 4 0 7 
15 7 8 1 2 6 0 3 4 5 7 
14 8 6 1 2 6 7 3 4 5 0 
16 8 8 1 2 5 6 3 4 7 0 
17 7 10 1 3 2 6 4 0 5 7 
17 8 9 1 2 7 3 4 5 0 6 
16 9 7 1 2 7 3 4 5 6 0 
17 11 6 1 2 3 4 0 5 7 6 
15 13 2 1 2 3 4 6 5 7 0 
16 12 4 1 2 3 4 5 0 7 6 
17 9 8 1 2 6 7 3 4 0 5 
17 9 8 1 2 5 0 3 4 7 6 
17 13 4 1 2 3 4 5 7 0 6 
16 14 2 1 2 3 4 5 7 6 0 
18 6 12 3 0 2 6 1 4 5 7 
17 7 10 3 2 0 6 1 4 5 7 
16 8 8 3 2 5 6 1 4 0 7 
16 8 8 3 2 6 0 1 4 5 7 
15 9 6 3 2 6 7 1 4 5 0 
17 9 8 3 2 5 6 1 4 7 0 
18 5 13 0 1 2 6 3 5 7 4 
17 7 10 6 1 2 0 3 5 7 4 
16 8 8 6 1 2 4 3 5 7 0 
18 6 12 3 0 2 6 5 1 7 4 
17 7 10 3 2 0 6 5 1 7 4 
16 8 8 3 2 6 0 5 1 7 4 
15 9 6 3 2 6 4 5 1 7 0 
18 8 10 3 1 0 2 6 5 7 4 
18 9 9 0 1 2 3 6 5 7 4 
18 8 10 3 1 2 0 4 5 6 7 
18 7 11 3 1 0 2 6 4 5 7 
17 8 9 3 1 5 2 6 4 0 7 
18 8 10 3 1 2 7 6 4 0 5 
18 6 12 3 2 5 6 4 0 1 7 
18 8 10 3 2 6 5 4 1 0 7 
18 6 12 4 1 2 3 0 5 7 6 
16 8 8 4 1 2 3 6 5 7 0 
17 7 10 4 1 2 3 5 0 7 6 
18 6 12 6 1 2 0 3 4 5 7 
17 7 10 6 1 2 7 3 4 5 0 
18 8 10 3 1 7 0 4 5 2 6 
18 8 10 3 1 2 0 5 7 4 6 
18 6 12 6 3 2 0 4 1 5 7 
17 7 10 6 3 2 7 4 1 5 0 
18 8 10 3 2 0 7 4 1 6 5 
18 10 8 3 2 5 7 4 1 0 6 
17 11 6 3 2 5 7 4 1 6 0 
18 7 11 3 1 7 2 0 4 5 6 
16 10 6 3 1 7 0 2 4 5 6 
17 11 6 3 1 7 6 2 4 5 0 
17 11 6 3 1 0 7 2 4 5 6 
16 12 4 3 1 5 7 2 4 0 6 
15 13 2 3 1 5 7 2 4 6 0 
18 8 10 3 1 0 7 4 5 6 2 
18 7 11 1 5 2 3 4 0 7 6 
18 6 12 1 4 2 6 3 0 5 7 
18 8 10 1 2 5 6 3 0 4 7 
18 10 8 1 2 6 5 3 4 0 7 
18 8 10 1 3 2 6 4 5 0 7 
18 8 10 1 3 2 6 0 4 5 7 
18 14 4 1 2 3 0 6 5 7 4 
18 14 4 1 2 3 4 6 5 0 7 
18 10 8 1 2 0 7 3 4 6 5 
18 12 6 1 2 5 7 3 4 0 6 
17 13 4 1 2 5 7 3 4 6 0 
18 10 8 3 2 6 7 1 4 0 5 
18 10 8 3 2 5 0 1 4 7 6 
18 6 12 1 0 2 6 3 5 7 4 
17 7 10 1 2 0 6 3 5 7 4 
16 8 8 1 2 6 0 3 5 7 4 
15 9 6 1 2 6 4 3 5 7 0 
18 7 11 0 3 2 6 5 1 7 4 
17 9 8 6 3 2 0 5 1 7 4 
16 10 6 6 3 2 4 5 1 7 0 
18 8 10 3 2 7 6 5 1 0 4 
18 10 8 3 2 6 4 5 1 0 7 
18 10 8 1 0 2 3 6 5 7 4 
17 11 6 1 2 0 3 6 5 7 4 
16 12 4 1 2 3 0 6 5 7 4 
18 9 9 3 1 5 2 6 4 7 0 
18 8 10 4 1 2 3 5 7 0 6 
17 9 8 4 1 2 3 5 7 6 0 
18 9 9 3 1 7 2 6 4 5 0 
18 14 4 3 1 5 0 2 4 6 7 
18 9 9 1 3 2 6 4 5 7 0 
18 8 10 1 2 7 6 3 5 0 4 
18 10 8 1 2 6 4 3 5 0 7 
18 10 8 1 3 2 6 5 0 7 4 
18 12 6 1 2 7 3 6 5 0 4 
19 5 14 3 1 0 6 4 5 7 2 
18 6 12 3 1 7 6 4 5 0 2 
17 7 10 3 1 7 6 4 5 2 0 
18 6 12 3 1 6 0 4 5 7 2 
18 7 11 3 1 6 2 4 5 7 0 
19 5 14 0 1 2 6 4 5 7 3 
18 7 11 6 1 2 0 4 5 7 3 
19 7 12 3 0 2 6 1 5 7 4 
18 8 10 3 2 0 6 1 5 7 4 
17 9 8 3 2 6 0 1 5 7 4 
16 10 6 3 2 6 4 1 5 7 0 
19 6 13 3 1 2 6 7 4 0 5 
19 9 10 3 1 2 5 6 4 0 7 
19 9 10 3 1 2 7 0 4 5 6 
19 7 12 3 1 0 6 5 7 2 4 
18 8 10 3 1 6 0 5 7 2 4 
17 9 8 3 1 6 4 5 7 2 0 
19 8 11 5 1 2 3 4 0 7 6 
19 7 12 7 1 2 6 3 4 5 0 
19 7 12 3 1 0 2 7 4 5 6 
18 8 10 3 1 5 2 7 4 0 6 
17 9 8 3 1 5 2 7 4 6 0 
19 9 10 3 1 2 7 0 4 5 6 
19 5 14 4 3 2 6 0 1 5 7 
18 6 12 4 3 2 6 1 0 5 7 
19 7 12 7 3 2 6 4 1 5 0 
19 11 8 1 2 3 7 4 5 0 6 
18 12 6 1 2 3 7 4 5 6 0 
19 10 9 1 2 3 6 4 5 0 7 
19 9 10 1 2 7 3 4 0 5 6 
19 10 9 1 2 7 0 4 5 6 3 
19 11 8 1 2 7 3 0 5 6 4 
18 12 6 1 2 7 3 5 0 6 4 
17 13 4 1 2 7 3 5 6 0 4 
18 14 4 1 2 7 3 5 6 4 0 
18 14 4 1 2 0 3 5 6 7 4 
17 15 2 1 2 3 0 5 6 7 4 
16 16 0 1 2 3 4 5 6 7 0 
