11 0 11 4 2 3 7 6 5 0 1 
11 1 10 4 2 3 7 6 5 1 0 
12 2 10 4 2 3 0 6 5 1 7 
13 4 9 0 2 3 4 6 5 1 7 
15 4 11 0 2 3 7 6 5 1 4 
15 3 12 4 2 0 3 6 5 1 7 
14 4 10 4 2 1 3 6 5 0 7 
13 5 8 4 2 1 3 6 5 7 0 
15 5 10 4 2 3 1 6 5 0 7 
14 6 8 4 2 3 1 6 5 7 0 
15 5 10 6 2 3 4 0 5 1 7 
14 6 8 6 2 3 4 5 0 1 7 
13 7 6 6 2 3 4 5 1 0 7 
12 8 4 6 2 3 4 5 1 7 0 
15 5 10 2 0 3 4 6 5 1 7 
15 7 8 5 2 3 4 6 0 1 7 
14 8 6 5 2 3 4 6 1 0 7 
13 9 4 5 2 3 4 6 1 7 0 
15 7 8 7 2 3 4 6 5 1 0 
15 7 8 6 2 3 4 7 5 1 0 
15 9 6 6 2 3 0 5 1 7 4 
16 6 10 7 2 3 0 6 5 1 4 
16 6 10 4 2 1 0 6 5 7 3 
16 7 9 4 2 3 0 6 5 7 1 
16 8 8 6 2 0 4 5 1 3 7 
16 6 10 2 5 3 4 6 0 1 7 
15 7 8 2 5 3 4 6 1 0 7 
14 8 6 2 5 3 4 6 1 7 0 
16 6 10 2 3 0 4 6 5 1 7 
15 7 8 2 3 1 4 6 5 0 7 
14 8 6 2 3 1 4 6 5 7 0 
16 8 8 5 2 3 4 0 6 1 7 
16 10 6 5 2 3 0 6 1 7 4 
16 9 7 0 2 3 4 5 6 1 7 
16 10 6 5 2 3 4 7 6 1 0 
17 3 14 4 2 3 7 0 5 1 6 
16 4 12 4 2 3 7 5 0 1 6 
15 5 10 4 2 3 7 5 1 0 6 
14 6 8 4 2 3 7 5 1 6 0 
15 7 8 4 2 3 0 5 1 6 7 
16 9 7 0 2 3 4 5 1 6 7 
16 12 4 1 2 3 4 5 0 6 7 
15 13 2 1 2 3 4 5 6 0 7 
14 14 0 1 2 3 4 5 6 7 0 
