11 0 11 0 2 4 7 5 1 3 6 
13 1 12 5 2 4 7 0 1 3 6 
11 3 8 5 2 4 7 6 1 3 0 
12 2 10 5 2 4 7 1 0 3 6 
12 4 8 5 2 4 0 6 1 3 7 
13 3 10 5 2 4 7 1 3 0 6 
12 4 8 5 2 4 7 1 3 6 0 
13 5 8 5 2 0 4 6 1 3 7 
12 6 6 5 2 3 4 6 1 0 7 
11 7 4 5 2 3 4 6 1 7 0 
13 5 8 5 2 4 0 1 3 6 7 
14 4 10 5 2 4 0 7 1 3 6 
14 4 10 5 2 4 7 6 1 0 3 
14 4 10 5 2 0 7 1 3 4 6 
14 8 6 5 2 3 0 6 1 7 4 
14 6 8 5 2 0 4 1 3 6 7 
15 3 12 5 0 4 7 1 2 3 6 
14 4 10 5 4 0 7 1 2 3 6 
13 5 8 5 4 3 7 1 2 0 6 
12 6 6 5 4 3 7 1 2 6 0 
15 7 8 5 2 4 3 6 1 0 7 
14 8 6 5 2 4 3 6 1 7 0 
15 7 8 5 2 3 4 6 0 1 7 
15 5 10 5 2 4 6 7 1 3 0 
15 5 10 5 2 0 4 7 1 3 6 
14 6 8 5 2 3 4 7 1 0 6 
13 7 6 5 2 3 4 7 1 6 0 
15 5 10 5 2 7 0 1 3 4 6 
15 7 8 5 2 6 4 1 3 0 7 
14 8 6 5 2 6 4 1 3 7 0 
15 4 11 0 5 4 7 1 2 3 6 
15 5 10 5 4 7 0 1 2 3 6 
15 7 8 5 4 3 0 1 2 6 7 
15 5 10 1 5 4 7 0 2 3 6 
14 6 8 1 5 4 7 2 0 3 6 
13 7 6 1 5 4 7 2 3 0 6 
12 8 4 1 5 4 7 2 3 6 0 
14 8 6 1 5 0 7 2 3 4 6 
15 7 8 1 5 4 7 6 2 3 0 
15 9 6 1 5 4 0 2 3 6 7 
15 9 6 1 5 7 0 2 3 4 6 
15 9 6 1 0 5 7 2 3 4 6 
14 10 4 1 3 5 7 2 0 4 6 
13 11 2 1 3 5 7 2 4 0 6 
12 12 0 1 3 5 7 2 4 6 0 
15 13 2 1 3 5 0 2 4 6 7 
16 4 12 5 0 4 7 2 1 3 6 
15 5 10 5 1 4 7 2 0 3 6 
14 6 8 5 1 4 7 2 3 0 6 
13 7 6 5 1 4 7 2 3 6 0 
15 5 10 5 4 0 7 2 1 3 6 
14 6 8 5 4 3 7 2 1 0 6 
13 7 6 5 4 3 7 2 1 6 0 
15 7 8 5 1 0 7 2 3 4 6 
16 6 10 5 2 0 7 6 1 3 4 
15 7 8 5 2 3 7 6 1 0 4 
15 7 8 5 2 7 0 6 1 3 4 
14 8 6 5 2 7 4 6 1 3 0 
16 6 10 5 0 2 4 6 1 3 7 
15 7 8 5 1 2 4 6 0 3 7 
16 6 10 5 4 3 7 1 0 2 6 
16 8 8 5 2 3 4 0 6 1 7 
16 8 8 5 2 3 0 7 1 6 4 
16 6 10 5 2 7 6 1 3 4 0 
16 8 8 5 2 7 4 1 3 0 6 
15 9 6 5 2 7 4 1 3 6 0 
16 8 8 5 2 6 4 1 0 3 7 
16 6 10 5 4 7 6 1 2 3 0 
16 8 8 1 5 4 0 6 2 3 7 
16 10 6 1 5 7 6 2 3 4 0 
16 12 4 1 3 0 7 2 4 5 6 
16 5 11 0 5 4 7 2 1 3 6 
16 8 8 5 1 4 0 2 3 6 7 
16 6 10 5 4 7 0 2 1 3 6 
16 8 8 5 4 3 0 2 1 6 7 
16 8 8 5 1 7 0 2 3 4 6 
16 8 8 5 2 3 7 6 1 4 0 
16 8 8 5 1 2 4 6 3 0 7 
15 9 6 5 1 2 4 6 3 7 0 
16 8 8 5 1 2 4 0 6 3 7 
16 9 7 0 2 3 4 5 6 1 7 
16 10 6 5 2 3 4 7 6 1 0 
16 9 7 0 1 2 4 5 6 3 7 
16 10 6 5 1 2 4 7 6 3 0 
16 10 6 1 0 2 4 5 6 3 7 
15 11 4 1 2 0 4 5 6 3 7 
14 12 2 1 2 3 4 5 6 0 7 
13 13 0 1 2 3 4 5 6 7 0 
