7 0 7 5 2 0 7 6 3 4 1 
8 1 7 5 2 4 7 6 3 0 1 
8 2 6 5 2 4 7 6 3 1 0 
9 2 7 5 2 4 7 6 0 3 1 
9 3 6 5 2 4 7 0 6 3 1 
9 4 5 0 2 4 7 5 6 3 1 
10 3 7 5 2 4 0 6 3 1 7 
10 3 7 5 0 4 7 6 2 3 1 
10 5 5 5 2 4 7 1 6 3 0 
10 7 3 1 2 4 7 5 6 3 0 
10 4 6 5 2 0 4 6 3 1 7 
11 4 7 5 2 4 7 0 3 1 6 
11 5 6 2 0 4 7 5 6 3 1 
11 6 5 7 2 4 0 5 6 3 1 
11 4 7 5 4 0 7 6 2 3 1 
11 4 7 0 5 4 7 6 2 3 1 
11 5 6 5 2 1 4 6 3 0 7 
10 6 4 5 2 1 4 6 3 7 0 
11 5 6 0 2 4 7 5 3 1 6 
11 7 4 7 2 4 1 5 6 3 0 
11 7 4 7 2 0 4 5 6 3 1 
11 8 3 7 2 3 4 5 6 0 1 
11 9 2 7 2 3 4 5 6 1 0 
12 5 7 5 2 0 7 6 3 1 4 
12 5 7 0 2 4 7 6 3 1 5 
12 6 6 5 0 4 7 2 6 3 1 
12 6 6 5 2 4 0 7 6 3 1 
12 5 7 0 2 4 5 6 3 1 7 
12 6 6 5 2 4 0 1 6 3 7 
12 6 6 5 2 4 7 1 6 0 3 
12 8 4 1 2 4 0 5 6 3 7 
12 8 4 1 2 4 7 5 6 0 3 
12 5 7 5 0 2 4 6 3 1 7 
12 5 7 5 2 4 7 3 0 1 6 
12 6 6 2 4 0 7 5 6 3 1 
12 5 7 5 4 3 7 6 2 0 1 
12 5 7 6 5 4 7 0 2 3 1 
12 7 5 1 5 4 7 6 2 3 0 
12 6 6 5 2 1 4 6 0 3 7 
12 7 5 5 2 4 1 7 6 3 0 
12 7 5 5 2 0 4 7 6 3 1 
12 7 5 5 2 0 4 1 6 3 7 
12 9 3 1 2 0 4 5 6 3 7 
12 7 5 2 4 3 7 5 6 0 1 
12 6 6 5 4 3 7 6 2 1 0 
12 6 6 6 5 4 7 2 0 3 1 
12 7 5 5 2 1 4 0 6 3 7 
12 8 4 5 2 3 4 7 6 0 1 
12 8 4 5 2 3 4 1 6 0 7 
11 9 2 5 2 3 4 1 6 7 0 
12 10 2 1 2 3 4 5 6 0 7 
11 11 0 1 2 3 4 5 6 7 0 
