10 0 10 5 2 7 1 3 6 4 0 
12 1 11 5 2 7 0 3 6 4 1 
12 2 10 5 2 7 1 3 6 4 0 
13 4 9 5 2 7 4 3 6 0 1 
13 3 10 5 2 7 1 3 6 0 4 
13 5 8 5 2 7 4 3 6 1 0 
14 5 9 5 2 0 4 3 6 7 1 
14 4 10 5 2 0 1 3 6 7 4 
13 5 8 5 2 1 0 3 6 7 4 
12 6 6 5 2 1 4 3 6 7 0 
15 2 13 5 2 0 7 3 6 4 1 
14 3 11 5 2 4 7 3 6 0 1 
14 4 10 5 2 4 7 3 6 1 0 
15 4 11 5 2 7 3 0 6 4 1 
12 6 6 5 2 7 3 1 6 4 0 
13 7 6 5 2 7 3 1 6 0 4 
14 8 6 5 2 0 3 1 6 7 4 
13 9 4 5 2 3 0 1 6 7 4 
12 10 2 5 2 3 4 1 6 7 0 
15 6 9 5 2 4 0 3 6 7 1 
15 7 8 5 2 1 4 3 6 0 7 
15 5 10 5 2 4 0 3 6 1 7 
15 5 10 0 2 7 3 5 6 4 1 
12 8 4 1 2 7 3 5 6 4 0 
13 9 4 1 2 7 3 5 6 0 4 
14 10 4 1 2 0 3 5 6 7 4 
13 11 2 1 2 3 0 5 6 7 4 
12 12 0 1 2 3 4 5 6 7 0 
