13 0 13 3 1 6 5 7 0 4 2 
12 1 11 3 1 6 5 7 4 0 2 
11 2 9 3 1 6 5 7 4 2 0 
13 2 11 3 1 0 5 7 4 6 2 
12 3 9 3 1 5 0 7 4 6 2 
12 4 8 3 1 5 2 7 4 6 0 
14 3 11 3 1 6 0 7 4 2 5 
14 4 10 3 1 6 5 0 4 2 7 
14 6 8 3 1 5 7 0 4 6 2 
10 8 2 3 1 5 7 2 4 6 0 
13 9 4 3 1 5 0 2 4 6 7 
13 9 4 3 1 5 7 2 4 0 6 
15 5 10 3 1 5 2 7 4 0 6 
15 6 9 3 1 5 2 0 4 6 7 
15 5 10 3 1 6 5 4 0 2 7 
14 6 8 3 1 6 5 4 2 0 7 
15 7 8 3 1 5 7 4 0 6 2 
15 7 8 3 1 6 5 4 2 7 0 
15 7 8 3 1 0 5 4 2 6 7 
14 8 6 3 1 5 0 4 2 6 7 
13 9 4 3 1 5 7 4 2 6 0 
16 5 11 3 1 0 5 7 4 2 6 
15 6 9 3 1 5 0 7 4 2 6 
16 3 13 3 0 1 5 7 4 6 2 
16 6 10 3 1 6 7 0 4 2 5 
16 5 11 0 1 6 5 3 4 2 7 
16 7 9 0 1 5 7 3 4 6 2 
14 10 4 2 1 5 7 3 4 6 0 
16 10 6 3 1 0 5 2 4 6 7 
16 10 6 3 1 0 7 2 4 5 6 
16 10 6 3 1 5 7 2 0 4 6 
16 7 9 3 1 5 2 4 0 6 7 
16 8 8 3 1 5 7 4 6 0 2 
15 9 6 3 1 5 7 4 6 2 0 
16 10 6 3 1 5 7 4 2 0 6 
16 7 9 3 1 5 6 7 4 2 0 
16 4 12 0 3 1 5 7 4 6 2 
14 7 7 2 3 1 5 7 4 6 0 
16 8 8 3 1 6 7 5 4 2 0 
16 6 10 1 0 6 5 3 4 2 7 
16 8 8 1 0 5 7 3 4 6 2 
17 5 12 0 1 5 3 7 4 6 2 
15 8 7 2 1 5 3 7 4 6 0 
17 6 11 3 1 5 6 7 4 0 2 
17 4 13 3 1 0 6 7 4 2 5 
17 7 10 3 0 6 5 1 4 2 7 
17 7 10 3 1 6 0 5 4 2 7 
17 9 8 3 0 5 7 1 4 6 2 
17 11 6 3 1 0 7 2 4 6 5 
17 7 10 0 1 5 2 3 4 6 7 
15 9 6 2 1 5 0 3 4 6 7 
17 6 11 3 1 2 5 7 4 0 6 
16 7 9 3 1 2 5 7 4 6 0 
17 9 8 3 1 5 7 0 4 2 6 
17 4 13 3 4 1 5 7 0 6 2 
17 7 10 3 1 6 7 4 0 2 5 
16 8 8 3 1 6 7 4 2 0 5 
15 9 6 3 1 6 7 4 2 5 0 
17 7 10 5 1 6 0 3 4 2 7 
16 8 8 5 1 6 7 3 4 2 0 
17 11 6 2 1 5 7 3 4 0 6 
17 11 6 3 1 6 5 2 4 0 7 
17 11 6 3 1 7 0 2 4 5 6 
17 8 9 3 1 5 2 4 6 0 7 
17 8 9 3 1 5 2 0 4 6 7 
17 5 12 7 3 1 5 0 4 6 2 
13 7 6 7 3 1 5 2 4 6 0 
16 8 8 7 3 1 0 2 4 6 5 
16 8 8 7 3 1 5 2 4 0 6 
17 6 11 5 3 1 0 7 4 6 2 
17 8 9 2 3 1 0 7 4 6 5 
17 8 9 2 3 1 5 7 4 0 6 
17 9 8 2 3 1 5 0 4 6 7 
17 7 10 1 4 6 5 3 0 2 7 
16 8 8 1 4 6 5 3 2 0 7 
17 7 10 1 6 0 5 3 4 2 7 
16 8 8 1 6 5 0 3 4 2 7 
15 9 6 1 6 5 7 3 4 2 0 
17 9 8 1 4 5 7 3 0 6 2 
17 9 8 1 5 0 7 3 4 6 2 
17 6 11 1 0 5 3 7 4 6 2 
17 8 9 0 3 6 5 1 4 2 7 
17 10 7 0 3 5 7 1 4 6 2 
15 13 2 2 3 5 7 1 4 6 0 
17 8 9 1 0 5 2 3 4 6 7 
17 11 6 3 1 5 7 6 4 2 0 
17 9 8 3 1 0 7 4 2 6 5 
17 10 7 0 3 1 5 2 4 6 7 
17 10 7 0 3 1 7 2 4 6 5 
17 7 10 5 3 1 2 7 4 6 0 
17 10 7 0 3 1 5 2 4 6 7 
17 9 8 1 4 6 5 3 2 7 0 
17 9 8 1 4 0 5 3 2 6 7 
16 10 6 1 4 5 0 3 2 6 7 
15 11 4 1 4 5 7 3 2 6 0 
17 9 8 1 3 6 5 0 4 2 7 
17 11 6 1 3 5 7 0 4 6 2 
13 13 0 1 3 5 7 2 4 6 0 
16 14 2 1 3 5 0 2 4 6 7 
16 14 2 1 3 5 7 2 4 0 6 
15 9 6 5 3 1 7 2 4 6 0 
18 6 12 3 1 6 2 7 4 0 5 
17 7 10 3 1 6 2 7 4 5 0 
18 11 7 0 1 5 7 2 4 6 3 
18 11 7 0 1 5 3 2 4 6 7 
18 12 6 3 1 5 6 2 4 0 7 
18 6 12 3 1 0 2 7 4 5 6 
18 6 12 3 1 5 2 7 0 4 6 
18 9 9 3 0 5 2 1 4 6 7 
18 6 12 3 0 6 5 4 1 2 7 
18 8 10 3 0 5 7 4 1 6 2 
18 8 10 3 1 6 0 4 2 7 5 
18 8 10 3 0 1 5 4 2 6 7 
18 7 11 0 1 6 7 3 4 2 5 
18 8 10 7 1 6 5 3 4 2 0 
18 10 8 3 1 5 0 4 6 2 7 
18 6 12 7 1 5 3 0 4 6 2 
14 8 6 7 1 5 3 2 4 6 0 
17 9 8 7 1 5 0 2 4 6 3 
17 9 8 7 1 5 3 2 4 0 6 
18 9 9 2 1 5 0 7 4 6 3 
18 9 9 2 1 5 3 7 4 0 6 
18 10 8 2 1 5 3 0 4 6 7 
18 5 13 3 1 2 6 7 4 0 5 
17 6 11 3 1 2 6 7 4 5 0 
18 8 10 3 4 6 5 1 0 2 7 
17 9 8 3 4 6 5 1 2 0 7 
18 8 10 3 6 0 5 1 4 2 7 
17 9 8 3 6 5 0 1 4 2 7 
16 10 6 3 6 5 7 1 4 2 0 
18 10 8 3 4 5 7 1 0 6 2 
18 10 8 3 5 0 7 1 4 6 2 
18 12 6 3 1 6 7 2 4 0 5 
17 13 4 3 1 6 7 2 4 5 0 
18 12 6 3 1 7 0 2 4 6 5 
17 13 4 3 1 7 5 2 4 6 0 
18 10 8 2 1 0 5 3 4 6 7 
18 10 8 3 1 5 7 4 0 2 6 
18 5 13 3 4 1 5 7 6 0 2 
17 6 11 3 4 1 5 7 6 2 0 
18 10 8 3 1 6 0 4 2 5 7 
18 12 6 3 1 6 5 2 4 7 0 
18 12 6 3 1 7 6 2 4 5 0 
18 9 9 3 1 5 2 4 6 7 0 
18 6 12 7 3 1 5 4 0 6 2 
18 10 8 2 3 1 5 4 0 6 7 
18 8 10 1 4 6 5 0 3 2 7 
18 8 10 1 6 2 5 3 4 0 7 
18 10 8 1 6 5 7 3 4 0 2 
18 10 8 1 4 5 7 3 6 0 2 
17 11 6 1 4 5 7 3 6 2 0 
18 10 8 1 4 5 7 0 3 6 2 
14 12 2 1 4 5 7 2 3 6 0 
17 13 4 1 4 5 0 2 3 6 7 
17 13 4 1 4 5 7 2 3 0 6 
18 10 8 1 5 6 7 3 4 0 2 
17 11 6 1 5 6 7 3 4 2 0 
18 10 8 1 5 7 0 3 4 6 2 
18 7 11 1 4 5 3 7 0 6 2 
18 7 11 1 5 0 3 7 4 6 2 
17 8 9 1 5 3 0 7 4 6 2 
17 9 8 1 5 3 2 7 4 6 0 
18 10 8 5 3 6 0 1 4 2 7 
17 11 6 5 3 6 7 1 4 2 0 
16 10 6 2 3 5 0 1 4 6 7 
18 14 4 2 3 5 7 1 4 0 6 
18 9 9 1 4 5 2 3 0 6 7 
18 9 9 1 5 0 2 3 4 6 7 
18 10 8 3 1 7 0 4 2 6 5 
17 11 6 3 1 7 5 4 2 6 0 
18 12 6 5 3 1 0 2 4 6 7 
18 12 6 5 3 1 0 2 4 6 7 
18 12 6 1 4 5 7 3 2 0 6 
18 10 8 1 3 6 5 4 0 2 7 
17 11 6 1 3 6 5 4 2 0 7 
18 11 7 1 3 6 5 7 4 2 0 
18 12 6 1 3 5 7 4 0 6 2 
18 12 6 1 0 5 7 2 4 6 3 
18 12 6 1 0 5 3 2 4 6 7 
18 7 11 3 1 2 0 7 4 5 6 
18 10 8 0 3 5 2 1 4 6 7 
16 12 4 2 3 5 0 1 4 6 7 
18 7 11 0 3 6 5 4 1 2 7 
18 9 9 0 3 5 7 4 1 6 2 
16 12 4 2 3 5 7 4 1 6 0 
18 9 9 0 3 1 5 4 2 6 7 
18 8 10 1 0 6 7 3 4 2 5 
18 7 11 3 1 2 0 7 4 5 6 
18 10 8 3 4 6 5 1 2 7 0 
18 10 8 3 4 0 5 1 2 6 7 
17 11 6 3 4 5 0 1 2 6 7 
16 12 4 3 4 5 7 1 2 6 0 
18 11 7 1 5 7 2 3 4 6 0 
18 10 8 1 5 2 0 3 4 6 7 
17 11 6 1 5 2 7 3 4 6 0 
18 12 6 1 3 6 5 4 2 7 0 
18 12 6 1 3 0 5 4 2 6 7 
17 13 4 1 3 5 0 4 2 6 7 
16 14 2 1 3 5 7 4 2 6 0 
18 11 7 1 3 5 2 0 4 6 7 
19 5 14 0 1 6 5 7 4 2 3 
19 7 12 3 1 0 2 7 4 6 5 
19 5 14 0 1 6 3 7 4 2 5 
19 10 9 0 1 5 3 4 2 6 7 
19 11 8 3 1 5 6 4 2 0 7 
19 11 8 3 1 5 7 0 2 6 4 
18 12 6 3 1 5 7 2 0 6 4 
19 6 13 3 0 1 5 7 4 2 6 
19 9 10 3 0 6 7 1 4 2 5 
19 9 10 7 1 5 0 3 4 6 2 
19 11 8 3 0 1 5 2 4 6 7 
19 11 8 3 0 1 7 2 4 5 6 
19 11 8 3 0 5 7 2 1 4 6 
19 11 8 3 1 5 7 0 2 4 6 
19 8 11 3 0 5 2 4 1 6 7 
19 9 10 3 1 0 7 4 6 5 2 
19 11 8 3 1 0 7 4 2 5 6 
19 8 11 3 1 5 6 7 4 0 2 
19 9 10 3 1 5 6 0 4 2 7 
19 9 10 3 1 6 0 5 4 2 7 
19 9 10 3 1 6 7 5 4 0 2 
19 10 9 7 1 5 2 3 4 6 0 
19 8 11 3 1 2 0 7 4 6 5 
19 9 10 3 1 2 5 0 4 6 7 
19 10 9 0 1 5 7 3 4 2 6 
19 5 14 3 4 1 5 0 7 6 2 
15 7 8 3 4 1 5 2 7 6 0 
18 8 10 3 4 1 0 2 7 6 5 
18 8 10 3 4 1 5 2 7 0 6 
19 9 10 5 1 6 7 3 4 0 2 
19 10 9 7 3 0 5 2 4 6 1 
18 11 7 7 3 5 0 2 4 6 1 
18 12 6 7 3 5 1 2 4 6 0 
19 9 10 7 3 0 1 2 4 6 5 
19 9 10 7 3 0 5 2 4 1 6 
18 10 8 7 3 5 0 2 4 1 6 
19 9 10 7 3 1 5 2 0 4 6 
19 9 10 5 3 1 7 0 4 6 2 
15 11 4 5 3 1 7 2 4 6 0 
18 12 6 5 3 1 0 2 4 6 7 
18 12 6 5 3 1 7 2 4 0 6 
19 11 8 2 3 1 7 0 4 6 5 
19 11 8 7 3 6 5 1 4 2 0 
19 11 8 3 0 1 5 2 4 6 7 
19 11 8 2 3 1 7 0 4 6 5 
19 11 8 3 0 1 7 2 4 6 5 
19 11 8 3 0 1 5 2 4 6 7 
19 15 4 1 3 0 5 2 4 6 7 
19 15 4 1 3 0 7 2 4 5 6 
19 15 4 1 3 5 7 2 0 4 6 
19 7 12 3 1 0 2 7 4 6 5 
19 8 11 3 1 6 0 7 4 5 2 
19 13 6 3 1 5 6 2 4 7 0 
19 10 9 3 4 5 2 1 0 6 7 
19 10 9 3 5 0 2 1 4 6 7 
19 7 12 3 6 0 5 4 1 2 7 
18 8 10 3 6 5 0 4 1 2 7 
17 9 8 3 6 5 7 4 1 2 0 
19 9 10 3 5 0 7 4 1 6 2 
19 9 10 3 2 1 5 4 0 6 7 
19 7 12 7 1 5 3 4 0 6 2 
19 9 10 7 1 5 0 3 4 6 2 
19 11 8 2 1 5 3 4 0 6 7 
19 6 13 3 1 0 6 7 4 2 5 
19 9 10 3 6 2 5 1 4 0 7 
19 11 8 3 6 5 7 1 4 0 2 
19 11 8 3 4 5 7 1 6 0 2 
18 12 6 3 4 5 7 1 6 2 0 
19 11 8 3 5 6 7 1 4 0 2 
18 12 6 3 5 6 7 1 4 2 0 
19 11 8 3 5 7 0 1 4 6 2 
19 11 8 2 1 6 5 3 4 0 7 
19 7 12 7 3 1 5 4 6 0 2 
18 8 10 7 3 1 5 4 6 2 0 
19 11 8 2 3 1 5 4 6 0 7 
19 10 9 1 4 6 5 7 3 2 0 
19 9 10 1 6 2 5 3 4 7 0 
19 8 11 1 4 5 3 7 6 0 2 
18 9 9 1 4 5 3 7 6 2 0 
19 8 11 1 5 6 3 7 4 0 2 
18 9 9 1 5 6 3 7 4 2 0 
19 11 8 1 5 3 7 0 4 6 2 
15 13 2 1 5 3 7 2 4 6 0 
18 14 4 1 5 3 0 2 4 6 7 
18 14 4 1 5 3 7 2 4 0 6 
19 10 9 1 4 5 2 3 6 0 7 
19 10 9 1 4 5 2 0 3 6 7 
19 10 9 1 5 6 2 3 4 0 7 
19 13 6 1 3 5 7 4 6 0 2 
18 14 4 1 3 5 7 4 6 2 0 
19 13 6 1 4 5 7 2 0 6 3 
19 13 6 1 5 0 7 2 4 6 3 
19 13 6 1 4 5 3 2 0 6 7 
19 13 6 1 5 0 3 2 4 6 7 
19 13 6 2 3 0 5 1 4 6 7 
19 9 10 5 3 6 0 4 1 2 7 
18 10 8 5 3 6 7 4 1 2 0 
17 9 8 2 3 5 0 4 1 6 7 
19 13 6 2 3 5 7 4 1 0 6 
19 11 8 5 3 1 0 4 2 6 7 
18 12 6 5 3 1 7 4 2 6 0 
19 9 10 1 4 6 7 3 0 2 5 
18 10 8 1 4 6 7 3 2 0 5 
17 11 6 1 4 6 7 3 2 5 0 
19 9 10 1 6 0 7 3 4 2 5 
19 13 6 3 4 5 7 1 2 0 6 
19 15 4 1 3 5 7 4 2 0 6 
19 12 7 1 3 5 2 4 0 6 7 
19 13 6 1 3 5 2 7 4 6 0 
19 6 13 1 0 6 5 7 4 2 3 
19 8 11 3 1 2 0 7 4 6 5 
19 6 13 1 0 6 3 7 4 2 5 
19 8 11 5 1 6 3 7 4 2 0 
19 11 8 1 0 5 3 4 2 6 7 
19 13 6 3 1 5 7 2 6 0 4 
18 14 4 3 1 5 7 2 6 4 0 
19 7 12 0 3 1 5 7 4 2 6 
19 10 9 0 3 6 7 1 4 2 5 
19 10 9 7 1 5 2 3 4 6 0 
19 12 7 0 3 1 7 2 4 5 6 
19 12 7 0 3 5 7 2 1 4 6 
19 13 6 3 1 5 7 6 2 4 0 
19 9 10 0 3 5 2 4 1 6 7 
17 11 6 2 3 5 0 4 1 6 7 
19 11 8 1 0 5 7 3 4 2 6 
19 9 10 3 4 1 5 2 0 7 6 
19 13 6 0 3 5 7 2 4 6 1 
19 11 8 7 3 5 6 2 4 1 0 
19 12 7 0 3 5 7 2 4 1 6 
19 13 6 2 3 1 7 5 4 6 0 
19 13 6 2 3 1 7 5 4 6 0 
19 11 8 3 5 2 0 1 4 6 7 
18 12 6 3 5 2 7 1 4 6 0 
19 12 7 3 5 7 2 1 4 6 0 
19 11 8 1 4 0 7 3 2 6 5 
19 11 8 1 3 6 7 0 4 2 5 
19 13 6 1 3 6 7 5 4 2 0 
20 7 13 0 1 5 2 7 4 6 3 
20 10 10 3 1 0 5 4 2 7 6 
19 11 8 3 1 7 5 4 2 0 6 
19 11 8 3 1 5 0 4 2 7 6 
20 8 12 0 1 5 3 7 4 2 6 
20 8 12 4 1 6 5 3 0 2 7 
19 9 10 4 1 6 5 3 2 0 7 
20 10 10 4 1 5 7 3 0 6 2 
20 12 8 2 1 5 7 0 4 6 3 
20 7 13 4 3 1 5 7 0 6 2 
20 10 10 2 3 0 5 7 4 6 1 
19 11 8 2 3 5 0 7 4 6 1 
19 12 7 2 3 5 1 7 4 6 0 
20 7 13 3 1 0 6 7 4 5 2 
20 7 13 3 1 5 6 7 0 4 2 
20 5 15 3 0 1 6 7 4 2 5 
20 8 12 3 1 0 6 5 4 2 7 
20 12 8 2 1 5 6 3 4 0 7 
20 12 8 2 1 5 3 0 4 6 7 
20 7 13 3 1 2 5 7 0 4 6 
20 12 8 3 0 5 7 1 4 2 6 
20 8 12 3 0 6 7 4 1 2 5 
20 12 8 3 1 0 7 4 2 5 6 
20 8 12 5 1 0 6 3 4 2 7 
20 12 8 2 1 0 7 3 4 5 6 
20 12 8 2 1 5 7 3 0 4 6 
20 12 8 3 1 6 5 2 0 4 7 
18 13 5 3 1 7 5 2 4 0 6 
20 9 11 3 1 0 2 4 6 5 7 
20 11 9 3 0 5 2 1 4 6 7 
20 8 12 7 3 1 0 5 4 6 2 
20 7 13 5 3 0 1 7 4 6 2 
20 9 11 2 3 0 1 7 4 6 5 
20 9 11 2 3 0 5 7 4 1 6 
19 10 9 2 3 5 0 7 4 1 6 
20 9 11 2 3 1 5 7 0 4 6 
20 12 8 2 3 1 0 5 4 6 7 
20 11 9 1 6 5 2 3 4 0 7 
20 12 8 7 3 5 0 1 4 6 2 
20 12 8 3 1 5 0 6 4 2 7 
20 12 8 3 1 5 7 6 4 0 2 
20 10 10 3 0 1 7 4 2 6 5 
20 8 12 5 3 1 2 7 4 0 6 
20 9 11 5 3 1 2 0 4 6 7 
20 10 10 1 4 6 0 3 2 7 5 
20 10 10 1 0 4 5 3 2 6 7 
20 12 8 1 3 6 0 5 4 2 7 
20 16 4 1 3 0 7 2 4 6 5 
20 9 11 3 1 6 2 0 4 5 7 
18 12 6 3 1 6 0 2 4 5 7 
20 12 8 2 1 5 7 0 4 6 3 
20 12 8 2 1 5 3 0 4 6 7 
20 7 13 3 1 5 2 0 7 4 6 
18 10 8 3 1 5 0 2 7 4 6 
18 8 10 3 1 5 6 2 7 4 0 
20 10 10 7 1 0 5 2 4 6 3 
20 10 10 7 1 0 3 2 4 5 6 
19 11 8 7 1 3 0 2 4 5 6 
20 10 10 7 1 5 3 2 0 4 6 
20 12 8 2 1 5 7 0 4 6 3 
20 8 12 3 1 2 6 0 4 5 7 
20 14 6 3 1 7 5 2 4 0 6 
20 7 13 3 4 1 0 7 6 2 5 
20 8 12 3 4 1 5 0 6 2 7 
20 10 10 3 1 5 0 4 6 7 2 
20 9 11 0 4 6 5 1 3 2 7 
20 12 8 1 4 5 0 3 6 2 7 
20 11 9 0 4 5 7 1 3 6 2 
18 14 4 2 4 5 7 1 3 6 0 
20 14 6 1 4 0 5 2 3 6 7 
20 14 6 1 4 0 7 2 3 5 6 
20 14 6 1 4 5 7 2 0 3 6 
20 12 8 1 5 6 0 3 4 2 7 
20 8 12 1 4 5 3 0 7 6 2 
16 10 6 1 4 5 3 2 7 6 0 
19 11 8 1 4 5 0 2 7 6 3 
19 11 8 1 4 5 3 2 7 0 6 
20 10 10 1 5 3 2 7 4 0 6 
20 11 9 1 5 3 2 0 4 6 7 
20 12 8 5 3 6 7 1 4 0 2 
20 8 12 3 1 0 2 7 4 5 6 
20 10 10 3 1 2 7 0 4 5 6 
20 13 7 7 3 5 2 1 4 6 0 
20 8 12 4 3 6 5 0 1 2 7 
19 9 10 4 3 6 5 1 0 2 7 
18 10 8 4 3 6 5 1 2 0 7 
19 11 8 4 3 6 5 1 2 7 0 
19 11 8 4 3 0 5 1 2 6 7 
18 12 6 4 3 5 0 1 2 6 7 
17 13 4 4 3 5 7 1 2 6 0 
20 10 10 7 3 6 5 4 1 2 0 
20 10 10 4 3 5 7 0 1 6 2 
16 12 4 4 3 5 7 2 1 6 0 
19 11 8 4 3 5 7 1 0 6 2 
19 13 6 4 3 5 0 2 1 6 7 
19 13 6 4 3 5 7 2 1 0 6 
20 10 10 4 3 1 5 0 2 6 7 
19 11 8 4 3 1 5 2 0 6 7 
19 12 7 7 3 1 5 4 2 6 0 
20 9 11 0 1 6 7 3 4 2 5 
20 10 10 3 1 2 7 0 4 5 6 
20 12 8 1 5 2 7 3 4 0 6 
20 12 8 0 3 5 2 1 4 6 7 
20 6 14 7 1 6 5 0 4 2 3 
20 7 13 5 1 6 0 7 4 2 3 
20 6 14 7 1 6 3 0 4 2 5 
20 12 8 3 1 5 6 4 2 7 0 
20 7 13 3 4 1 5 7 0 2 6 
19 8 11 3 4 1 5 7 2 0 6 
18 9 9 3 4 1 5 7 2 6 0 
20 10 10 3 4 6 7 1 0 2 5 
19 11 8 3 4 6 7 1 2 0 5 
18 12 6 3 4 6 7 1 2 5 0 
20 10 10 3 6 0 7 1 4 2 5 
20 12 8 3 4 1 5 2 0 6 7 
20 12 8 3 4 1 7 2 0 5 6 
20 12 8 3 5 0 7 2 1 4 6 
20 9 11 3 5 0 2 4 1 6 7 
20 10 10 3 1 7 0 4 6 5 2 
20 12 8 3 1 7 0 4 2 5 6 
20 10 10 3 1 5 6 4 0 2 7 
20 12 8 3 1 5 0 6 4 2 7 
20 10 10 3 1 0 7 5 4 6 2 
20 10 10 3 1 2 5 4 0 6 7 
20 8 12 3 4 1 0 5 7 6 2 
19 9 10 3 4 1 2 5 7 6 0 
20 10 10 5 1 0 7 3 4 6 2 
20 11 9 7 3 6 5 2 4 0 1 
20 10 10 7 3 6 1 2 4 0 5 
19 11 8 7 3 6 1 2 4 5 0 
20 10 10 5 3 1 7 4 0 6 2 
20 12 8 2 3 1 7 4 0 6 5 
20 12 8 3 4 1 5 2 0 6 7 
20 12 8 2 3 1 7 4 0 6 5 
20 12 8 3 4 1 7 2 0 6 5 
20 12 8 3 4 1 5 2 0 6 7 
20 16 4 1 3 6 5 2 4 0 7 
20 16 4 1 3 7 0 2 4 5 6 
18 11 7 3 1 5 0 2 4 7 6 
20 11 9 3 4 5 2 1 6 0 7 
20 11 9 3 5 6 2 1 4 0 7 
20 8 12 3 6 2 5 4 1 0 7 
20 10 10 3 6 5 7 4 1 0 2 
20 10 10 3 5 6 7 4 1 0 2 
19 11 8 3 5 6 7 4 1 2 0 
20 10 10 3 5 7 0 4 1 6 2 
20 10 10 3 2 1 5 4 6 0 7 
20 10 10 3 2 1 5 0 4 6 7 
20 8 12 7 1 5 3 4 6 0 2 
19 9 10 7 1 5 3 4 6 2 0 
20 12 8 2 1 5 3 4 6 0 7 
20 10 10 3 6 2 5 1 4 7 0 
20 12 8 2 1 6 5 3 4 7 0 
20 12 8 2 3 1 5 4 6 7 0 
20 12 8 1 5 3 7 4 0 6 2 
20 11 9 1 4 5 2 3 6 7 0 
20 12 8 1 4 5 2 7 3 6 0 
20 11 9 1 5 6 2 3 4 7 0 
20 14 6 1 4 5 7 2 6 0 3 
19 15 4 1 4 5 7 2 6 3 0 
20 14 6 1 5 6 7 2 4 0 3 
19 15 4 1 5 6 7 2 4 3 0 
20 14 6 1 5 7 0 2 4 6 3 
19 15 4 1 5 7 3 2 4 6 0 
20 14 6 1 4 5 3 2 6 0 7 
20 14 6 1 5 6 3 2 4 0 7 
20 14 6 2 3 6 5 1 4 0 7 
20 10 10 1 4 6 7 0 3 2 5 
20 12 8 1 4 6 0 3 2 5 7 
20 10 10 1 6 2 7 3 4 0 5 
19 11 8 1 6 2 7 3 4 5 0 
20 10 10 1 6 7 0 3 4 2 5 
19 11 8 1 6 7 5 3 4 2 0 
20 13 7 1 3 5 2 4 6 0 7 
20 7 13 1 4 6 5 7 0 2 3 
19 8 11 1 4 6 5 7 2 0 3 
18 9 9 1 4 6 5 7 2 3 0 
20 7 13 1 6 0 5 7 4 2 3 
19 8 11 1 6 5 0 7 4 2 3 
18 9 9 1 6 5 3 7 4 2 0 
20 7 13 1 4 6 3 7 0 2 5 
19 8 11 1 4 6 3 7 2 0 5 
18 9 9 1 4 6 3 7 2 5 0 
20 7 13 1 6 0 3 7 4 2 5 
19 8 11 1 6 3 0 7 4 2 5 
18 9 9 1 6 3 5 7 4 2 0 
20 12 8 1 2 5 3 4 0 6 7 
20 12 8 1 5 0 3 4 2 6 7 
19 13 6 1 5 3 0 4 2 6 7 
18 14 4 1 5 3 7 4 2 6 0 
20 8 12 7 3 1 5 0 4 2 6 
20 9 11 5 3 1 0 7 4 2 6 
20 12 8 2 3 0 5 4 1 6 7 
20 12 8 1 4 5 7 3 0 2 6 
20 12 8 1 5 0 7 3 4 2 6 
20 10 10 3 0 1 5 2 4 7 6 
19 11 8 3 1 0 5 2 4 7 6 
18 12 6 3 1 7 5 2 4 0 6 
18 12 6 3 1 5 0 2 4 7 6 
20 12 8 1 4 7 0 3 2 6 5 
19 13 6 1 4 7 5 3 2 6 0 
20 12 8 1 3 6 7 4 0 2 5 
19 13 6 1 3 6 7 4 2 0 5 
18 14 4 1 3 6 7 4 2 5 0 
20 8 12 1 0 5 2 7 4 6 3 
20 12 8 3 1 5 6 4 2 7 0 
20 9 11 1 0 5 3 7 4 2 6 
20 10 10 4 1 6 5 3 2 7 0 
20 10 10 4 1 0 5 3 2 6 7 
19 11 8 4 1 5 0 3 2 6 7 
18 12 6 4 1 5 7 3 2 6 0 
20 6 14 0 3 1 6 7 4 2 5 
20 13 7 0 3 5 7 1 4 2 6 
20 9 11 0 3 6 7 4 1 2 5 
20 10 10 3 1 2 0 4 6 5 7 
19 11 8 3 1 2 7 4 6 5 0 
20 9 11 7 3 1 2 5 4 6 0 
20 11 9 2 3 5 6 7 4 1 0 
20 13 7 7 3 5 2 1 4 6 0 
20 11 9 0 3 1 7 4 2 6 5 
20 9 11 3 1 5 2 6 7 4 0 
20 12 8 7 1 3 6 2 4 5 0 
20 13 7 0 1 3 7 2 4 5 6 
20 12 8 1 4 5 3 2 0 7 6 
20 12 8 3 1 2 7 6 4 5 0 
20 14 6 4 3 5 7 1 2 0 6 
20 12 8 4 3 5 7 1 6 0 2 
19 13 6 4 3 5 7 1 6 2 0 
20 12 8 4 3 1 5 2 6 0 7 
20 12 8 3 1 2 7 6 4 5 0 
20 8 12 7 1 6 3 5 4 2 0 
20 12 8 3 4 0 7 1 2 6 5 
20 10 10 3 5 2 0 4 1 6 7 
19 11 8 3 5 2 7 4 1 6 0 
20 11 9 3 1 7 2 4 6 5 0 
20 12 8 7 3 6 5 2 4 1 0 
20 11 9 3 5 7 2 4 1 6 0 
20 12 8 1 4 6 7 5 3 2 0 
20 9 11 1 4 0 5 7 2 6 3 
19 10 9 1 4 5 0 7 2 6 3 
18 11 7 1 4 5 3 7 2 6 0 
20 9 11 1 4 0 3 7 2 6 5 
19 10 9 1 4 3 0 7 2 6 5 
18 11 7 1 4 3 5 7 2 6 0 
20 8 12 1 6 2 3 7 4 0 5 
19 9 10 1 6 2 3 7 4 5 0 
20 10 10 7 3 1 5 6 4 2 0 
20 11 9 0 3 1 5 2 4 7 6 
20 14 6 1 3 0 7 4 2 6 5 
20 9 11 5 3 1 6 7 4 2 0 
20 14 6 1 3 5 7 0 4 2 6 
20 14 6 1 0 3 7 2 4 5 6 
20 16 4 1 3 5 7 6 4 2 0 
21 9 12 3 1 6 5 0 2 7 4 
20 10 10 3 1 6 5 2 0 7 4 
20 12 8 3 1 6 0 5 2 7 4 
19 13 6 3 1 6 4 5 2 7 0 
21 11 10 3 1 5 4 0 2 6 7 
20 12 8 3 1 5 4 2 0 6 7 
21 12 9 0 1 5 7 4 2 6 3 
21 13 8 2 1 0 7 3 4 6 5 
21 11 10 3 1 5 7 0 6 2 4 
21 11 10 3 1 0 7 5 4 2 6 
21 8 13 4 1 5 3 7 0 6 2 
21 10 11 3 1 6 2 5 4 0 7 
21 10 11 4 1 5 2 3 0 6 7 
21 11 10 3 1 6 7 0 2 5 4 
20 12 8 3 1 6 7 2 0 5 4 
21 10 11 5 1 6 2 3 4 0 7 
21 11 10 5 1 0 7 3 4 2 6 
21 11 10 7 3 1 6 2 4 0 5 
20 12 8 7 3 1 6 2 4 5 0 
21 11 10 1 6 5 3 0 4 2 7 
21 11 10 1 6 5 7 0 4 2 3 
21 13 8 4 3 1 7 2 0 6 5 
21 13 8 4 3 1 5 2 0 6 7 
21 13 8 1 4 5 6 3 2 0 7 
21 13 8 1 4 5 3 0 2 6 7 
21 13 8 1 4 5 7 0 2 6 3 
21 14 7 1 3 5 0 7 4 6 2 
21 17 4 1 3 5 6 2 4 0 7 
21 7 14 3 1 6 2 7 0 4 5 
21 13 8 3 1 0 6 2 4 5 7 
21 13 8 3 1 5 6 2 0 4 7 
21 7 14 3 0 1 2 7 4 5 6 
21 7 14 3 0 5 2 7 1 4 6 
21 9 12 3 1 0 6 4 2 7 5 
20 10 10 3 1 7 6 4 2 0 5 
19 11 8 3 1 7 6 4 2 5 0 
20 12 8 3 1 7 0 4 2 5 6 
21 9 12 7 1 6 0 3 4 2 5 
21 9 12 7 1 6 0 3 4 2 5 
21 9 12 7 1 6 5 3 4 0 2 
21 11 10 3 1 0 5 4 6 2 7 
21 9 12 7 0 5 3 1 4 6 2 
21 11 10 7 1 0 3 2 4 6 5 
20 12 8 7 1 3 0 2 4 6 5 
19 13 6 7 1 3 5 2 4 6 0 
21 10 11 2 1 0 5 7 4 6 3 
21 10 11 2 1 0 3 7 4 5 6 
20 11 9 2 1 3 0 7 4 5 6 
21 10 11 2 1 5 3 7 0 4 6 
21 13 8 2 0 5 3 1 4 6 7 
21 6 15 3 1 2 6 7 0 4 5 
21 9 12 3 4 6 5 0 1 2 7 
21 12 9 3 6 5 2 1 4 0 7 
21 11 10 3 4 5 7 0 1 6 2 
17 13 4 3 4 5 7 2 1 6 0 
20 14 6 3 4 5 0 2 1 6 7 
20 14 6 3 4 5 7 2 1 0 6 
21 13 8 3 1 6 7 2 0 4 5 
21 11 10 2 0 1 5 3 4 6 7 
21 11 10 3 0 5 7 4 1 2 6 
21 6 15 3 4 0 5 7 6 1 2 
20 7 13 3 4 5 0 7 6 1 2 
20 8 12 3 4 5 2 7 6 1 0 
21 11 10 3 1 0 6 4 2 5 7 
21 13 8 3 1 6 0 2 4 7 5 
21 13 8 3 1 7 6 2 4 0 5 
21 7 14 7 0 1 5 4 3 6 2 
20 8 12 7 1 0 5 4 3 6 2 
19 9 10 7 1 5 0 4 3 6 2 
19 10 9 7 1 5 2 4 3 6 0 
20 11 9 0 1 5 7 4 3 6 2 
18 14 4 2 1 5 7 4 3 6 0 
20 12 8 1 0 5 7 4 3 6 2 
21 11 10 2 0 1 5 4 3 6 7 
20 12 8 2 1 0 5 4 3 6 7 
19 13 6 2 1 5 0 4 3 6 7 
21 11 10 1 0 6 5 4 3 2 7 
21 11 10 1 4 6 0 5 3 2 7 
21 9 12 1 6 2 5 3 0 4 7 
21 11 10 1 6 0 7 3 4 5 2 
21 11 10 1 6 5 7 3 0 4 2 
21 11 10 1 4 0 7 3 6 5 2 
21 13 8 1 0 5 7 4 3 6 2 
21 15 6 1 4 0 7 2 3 6 5 
21 11 10 1 5 6 7 3 0 4 2 
21 11 10 5 3 0 6 1 4 2 7 
21 15 6 2 3 0 7 1 4 5 6 
20 13 7 2 3 5 7 1 0 4 6 
21 13 8 5 3 0 1 2 4 6 7 
21 13 8 5 3 0 1 2 4 6 7 
21 13 8 1 4 0 7 3 2 5 6 
21 11 10 1 0 6 5 4 3 2 7 
21 12 9 1 3 6 0 7 4 2 5 
21 12 9 1 3 6 5 7 4 0 2 
21 15 6 2 3 5 6 1 4 0 7 
21 11 10 7 3 5 0 4 1 6 2 
21 11 10 3 4 6 0 1 2 7 5 
21 11 10 3 0 4 5 1 2 6 7 
21 12 9 1 5 7 2 3 4 0 6 
21 13 8 1 3 6 0 4 2 7 5 
21 13 8 1 0 3 5 4 2 6 7 
21 11 10 4 1 5 3 0 2 6 7 
20 12 8 4 1 5 3 2 0 6 7 
21 13 8 2 1 5 3 4 0 6 7 
19 12 7 7 1 5 3 4 2 6 0 
21 12 9 0 1 5 7 3 2 6 4 
21 13 8 3 0 5 7 2 1 6 4 
21 12 9 0 1 5 7 3 2 4 6 
21 10 11 0 1 5 6 3 4 2 7 
21 11 10 3 1 2 7 0 4 6 5 
21 10 11 0 1 2 5 3 4 6 7 
21 13 8 6 1 5 7 3 4 2 0 
21 6 15 0 4 1 5 3 7 6 2 
19 9 10 2 4 1 5 3 7 6 0 
21 10 11 3 4 0 5 2 7 6 1 
20 11 9 3 4 5 0 2 7 6 1 
20 12 8 3 4 5 1 2 7 6 0 
21 9 12 3 4 0 1 2 7 6 5 
21 9 12 3 4 0 5 2 7 1 6 
20 10 10 3 4 5 0 2 7 1 6 
21 13 8 7 3 5 1 2 4 0 6 
21 13 8 7 3 5 1 2 4 0 6 
21 10 11 0 3 1 7 5 4 6 2 
21 14 7 5 3 0 7 2 4 6 1 
21 13 8 5 3 0 1 2 4 6 7 
21 13 8 5 3 0 7 2 4 1 6 
21 13 8 5 3 1 7 2 0 4 6 
21 11 10 3 1 6 7 0 4 5 2 
21 13 8 3 4 5 0 1 6 2 7 
21 13 8 3 5 6 0 1 4 2 7 
21 9 12 7 3 1 0 4 6 2 5 
21 9 12 1 4 0 3 7 6 5 2 
20 10 10 1 4 3 0 7 6 5 2 
19 11 8 1 4 3 2 7 6 5 0 
21 10 11 1 4 5 0 7 6 2 3 
21 11 10 1 4 5 3 0 6 2 7 
21 10 11 1 5 6 0 7 4 2 3 
21 11 10 1 5 6 3 0 4 2 7 
21 12 9 0 5 3 7 1 4 6 2 
19 15 4 2 5 3 7 1 4 6 0 
21 15 6 1 5 0 3 2 4 6 7 
21 15 6 1 5 0 7 2 4 3 6 
21 15 6 1 5 3 7 2 0 4 6 
21 11 10 0 4 5 2 1 3 6 7 
19 13 6 2 4 5 0 1 3 6 7 
21 15 6 1 3 5 0 4 6 2 7 
21 11 10 5 3 6 7 4 1 0 2 
21 13 8 5 3 1 7 4 2 0 6 
21 14 7 1 3 5 0 7 4 6 2 
21 11 10 3 1 2 7 0 4 6 5 
21 15 6 3 1 5 0 2 6 4 7 
20 9 11 6 3 1 5 7 4 2 0 
21 13 8 2 3 1 7 0 4 5 6 
21 15 6 6 3 1 7 2 4 5 0 
21 13 8 2 3 5 7 0 1 4 6 
20 14 6 2 3 5 7 1 0 4 6 
21 15 6 6 3 5 7 2 1 4 0 
21 10 11 4 3 5 2 0 1 6 7 
20 11 9 4 3 5 2 1 0 6 7 
21 12 9 7 3 5 2 4 1 6 0 
21 14 7 2 3 5 7 0 4 6 1 
21 14 7 3 0 5 7 2 4 6 1 
21 12 9 7 3 5 6 2 4 0 1 
21 13 8 2 3 5 7 0 4 1 6 
21 13 8 3 0 5 7 2 4 1 6 
21 15 6 6 3 5 7 2 4 1 0 
21 13 8 3 5 2 7 1 4 0 6 
21 8 13 7 1 5 2 0 4 6 3 
21 9 12 7 1 5 3 0 4 2 6 
21 9 12 4 1 6 5 0 3 2 7 
21 11 10 4 1 5 7 3 6 0 2 
20 12 8 4 1 5 7 3 6 2 0 
21 11 10 4 1 5 7 0 3 6 2 
17 13 4 4 1 5 7 2 3 6 0 
20 14 6 4 1 5 0 2 3 6 7 
20 14 6 4 1 5 7 2 3 0 6 
21 13 8 2 1 5 7 4 0 6 3 
21 8 13 4 3 1 5 7 6 0 2 
20 9 11 4 3 1 5 7 6 2 0 
21 11 10 2 3 6 5 7 4 0 1 
21 14 7 2 3 5 7 0 4 6 1 
21 6 15 3 4 1 6 7 0 2 5 
20 7 13 3 4 1 6 7 2 0 5 
19 8 11 3 4 1 6 7 2 5 0 
20 9 11 3 4 1 0 7 2 5 6 
21 9 12 3 1 2 6 5 4 0 7 
20 10 10 3 1 2 6 5 4 7 0 
21 13 8 2 1 5 6 3 4 7 0 
21 13 8 3 4 5 7 1 0 2 6 
21 13 8 3 5 0 7 1 4 2 6 
21 9 12 3 6 0 7 4 1 2 5 
21 9 12 5 1 2 6 3 4 0 7 
21 13 8 2 1 7 0 3 4 5 6 
21 13 8 2 1 5 7 0 3 4 6 
21 10 11 0 3 1 7 5 4 6 2 
21 8 13 5 3 6 1 7 4 0 2 
20 9 11 5 3 6 1 7 4 2 0 
21 10 11 2 3 6 1 7 4 0 5 
20 11 9 2 3 6 1 7 4 5 0 
21 13 8 2 3 5 7 0 4 1 6 
21 12 9 1 6 5 2 3 4 7 0 
21 11 10 3 2 1 7 4 0 6 5 
21 10 11 5 3 1 2 4 0 6 7 
21 11 10 1 2 4 5 3 0 6 7 
21 17 4 1 3 6 7 2 4 0 5 
19 13 6 1 3 6 7 2 4 5 0 
21 17 4 1 3 7 0 2 4 6 5 
20 18 2 1 3 7 5 2 4 6 0 
21 10 11 3 1 6 2 4 0 5 7 
21 13 8 3 1 0 6 2 4 5 7 
21 13 8 2 1 5 7 4 0 6 3 
21 11 10 3 1 0 5 2 7 4 6 
21 11 10 7 1 6 5 2 4 0 3 
20 12 8 7 1 6 5 2 4 3 0 
21 13 8 2 1 5 7 4 0 6 3 
21 9 12 3 1 2 6 4 0 5 7 
21 11 10 3 1 2 0 6 4 5 7 
21 9 12 3 4 1 5 6 0 2 7 
20 10 10 3 4 1 5 6 2 0 7 
21 11 10 3 4 1 0 5 6 2 7 
21 11 10 5 4 6 0 1 3 2 7 
20 12 8 5 4 6 7 1 3 2 0 
21 15 6 2 4 5 7 1 3 0 6 
19 12 7 1 4 6 5 2 3 0 7 
21 15 6 1 4 7 0 2 3 5 6 
21 15 6 1 0 5 7 2 4 3 6 
21 11 10 1 4 5 0 3 7 6 2 
21 12 9 1 5 3 2 4 0 6 7 
21 13 8 5 3 0 7 1 4 6 2 
21 11 10 3 1 2 7 4 0 5 6 
21 10 11 4 3 6 5 7 1 2 0 
21 12 9 4 3 1 5 7 2 6 0 
21 11 10 3 1 2 7 4 0 5 6 
21 13 8 1 5 0 7 3 4 2 6 
21 7 14 7 1 6 5 4 0 2 3 
20 8 12 7 1 6 5 4 2 0 3 
19 9 10 7 1 6 5 4 2 3 0 
21 7 14 7 1 6 3 4 0 2 5 
20 8 12 7 1 6 3 4 2 0 5 
19 9 10 7 1 6 3 4 2 5 0 
21 9 12 7 1 6 0 3 4 2 5 
21 10 11 3 4 1 0 7 2 6 5 
21 11 10 3 4 1 5 0 2 6 7 
21 13 8 3 4 6 0 1 2 5 7 
21 11 10 3 6 2 7 1 4 0 5 
20 12 8 3 6 2 7 1 4 5 0 
21 11 10 3 6 7 0 1 4 2 5 
20 12 8 3 6 7 5 1 4 2 0 
21 13 8 3 4 1 5 2 6 0 7 
21 13 8 3 4 1 7 2 5 0 6 
20 14 6 3 4 1 7 2 5 6 0 
21 13 8 3 5 4 7 2 1 0 6 
20 14 6 3 5 4 7 2 1 6 0 
21 13 8 3 5 7 0 2 1 4 6 
21 10 11 3 5 6 2 4 1 0 7 
21 11 10 3 1 7 0 5 4 6 2 
21 11 10 3 1 2 5 4 6 0 7 
21 11 10 5 1 7 0 3 4 6 2 
21 11 10 7 3 0 1 2 4 6 5 
21 12 9 7 3 6 0 2 4 5 1 
21 11 10 5 3 1 7 4 6 0 2 
20 12 8 5 3 1 7 4 6 2 0 
21 11 10 5 3 1 7 0 4 6 2 
21 13 8 2 3 1 7 4 6 0 5 
20 14 6 2 3 1 7 4 6 5 0 
21 13 8 3 4 1 5 2 6 0 7 
21 13 8 2 3 1 7 4 6 0 5 
21 13 8 3 4 1 7 2 6 0 5 
20 14 6 3 4 1 7 2 6 5 0 
21 13 8 3 4 1 5 2 6 0 7 
21 17 4 1 3 6 5 2 4 7 0 
21 17 4 1 3 7 6 2 4 5 0 
21 12 9 3 4 5 2 1 6 7 0 
21 12 9 3 5 6 2 1 4 7 0 
21 9 12 3 6 2 5 4 1 7 0 
21 11 10 3 2 1 5 4 6 7 0 
21 12 9 3 2 1 5 7 4 6 0 
21 13 8 2 1 5 3 4 6 7 0 
21 13 8 1 5 3 7 4 6 0 2 
20 14 6 1 5 3 7 4 6 2 0 
21 15 6 1 5 0 7 2 4 6 3 
21 15 6 1 4 5 3 2 6 7 0 
21 15 6 1 5 6 3 2 4 7 0 
21 15 6 2 3 6 5 1 4 7 0 
21 14 7 1 3 5 2 4 6 7 0 
21 10 11 1 4 6 0 7 2 3 5 
21 11 10 1 4 6 5 0 2 3 7 
20 12 8 1 4 6 5 2 0 3 7 
19 13 6 1 4 6 5 2 3 0 7 
20 14 6 1 4 6 5 2 3 7 0 
21 8 13 1 6 2 5 7 4 0 3 
20 9 11 1 6 2 5 7 4 3 0 
21 11 10 1 6 5 7 0 4 2 3 
21 10 11 1 6 5 3 7 4 0 2 
21 11 10 1 6 5 3 0 4 2 7 
21 10 11 1 4 6 0 7 2 5 3 
21 11 10 1 4 6 3 0 2 5 7 
20 12 8 1 4 6 3 2 0 5 7 
21 11 10 1 6 3 7 0 4 2 5 
21 10 11 1 6 3 5 7 4 0 2 
21 11 10 1 6 3 5 0 4 2 7 
21 13 8 1 2 5 3 4 6 0 7 
21 13 8 1 2 5 3 0 4 6 7 
21 13 8 1 5 6 3 4 2 0 7 
21 15 6 1 5 3 7 4 2 0 6 
21 9 12 7 3 1 5 4 0 2 6 
20 10 10 7 3 1 5 4 2 0 6 
19 11 8 7 3 1 5 4 2 6 0 
21 13 8 2 3 6 5 4 1 0 7 
21 13 8 1 4 5 7 0 3 2 6 
21 13 8 1 5 7 0 3 4 2 6 
21 13 8 3 1 0 5 2 4 7 6 
21 13 8 3 1 7 5 2 0 4 6 
21 13 8 3 1 0 5 2 4 7 6 
21 15 6 1 3 6 0 4 2 5 7 
21 9 12 1 4 5 2 7 0 6 3 
21 9 12 1 5 0 2 7 4 6 3 
21 10 11 1 4 5 3 7 0 2 6 
20 11 9 1 4 5 3 7 2 0 6 
21 10 11 1 5 0 3 7 4 2 6 
20 11 9 1 5 3 0 7 4 2 6 
21 13 8 4 1 5 7 3 2 0 6 
21 7 14 7 3 1 6 0 4 2 5 
21 8 13 6 3 1 0 7 4 2 5 
20 9 11 6 3 1 5 7 4 2 0 
21 13 8 1 0 5 3 2 4 7 6 
21 13 8 4 3 1 5 2 6 7 0 
21 13 8 3 4 7 0 1 2 6 5 
20 14 6 3 4 7 5 1 2 6 0 
21 13 8 1 4 5 7 0 2 6 3 
21 13 8 1 4 5 3 0 2 6 7 
21 13 8 1 4 3 7 0 2 6 5 
20 14 6 1 4 3 7 2 0 6 5 
21 12 9 1 4 3 5 7 2 0 6 
21 13 8 1 4 3 5 0 2 6 7 
20 14 6 1 4 3 5 2 0 6 7 
21 9 12 1 6 2 3 7 0 4 5 
21 13 8 5 3 1 0 2 4 7 6 
21 15 6 1 3 7 0 4 2 6 5 
20 16 4 1 3 7 5 4 2 6 0 
21 15 6 1 3 5 7 4 0 2 6 
21 15 6 1 4 3 7 2 0 5 6 
21 11 10 3 1 6 5 2 7 0 4 
20 12 8 3 1 6 5 2 7 4 0 
21 13 8 3 1 5 4 2 6 0 7 
21 13 8 1 0 5 7 4 2 6 3 
21 11 10 3 1 6 2 5 4 7 0 
21 13 8 3 1 6 7 2 5 0 4 
20 14 6 3 1 6 7 2 5 4 0 
21 13 8 7 3 1 0 2 4 5 6 
21 8 13 0 3 1 2 7 4 5 6 
19 10 9 2 3 1 0 7 4 5 6 
20 11 9 2 3 1 6 7 4 5 0 
21 8 13 0 3 5 2 7 1 4 6 
19 10 9 2 3 5 0 7 1 4 6 
20 11 9 2 3 5 6 7 1 4 0 
21 10 11 0 7 5 3 1 4 6 2 
19 13 6 2 7 5 3 1 4 6 0 
20 12 8 3 7 5 0 1 4 6 2 
20 13 7 3 7 5 2 1 4 6 0 
21 14 7 0 1 3 7 2 4 6 5 
21 12 9 2 1 3 6 7 4 5 0 
21 12 9 0 3 5 7 4 1 2 6 
21 8 13 0 7 1 5 4 3 6 2 
19 11 8 2 7 1 5 4 3 6 0 
21 9 12 7 1 6 5 4 3 0 2 
20 10 10 7 1 6 5 4 3 2 0 
21 15 6 2 1 5 7 4 3 0 6 
21 13 8 1 5 0 7 4 3 6 2 
21 13 8 2 1 6 5 4 3 0 7 
21 12 9 7 3 5 2 4 1 6 0 
21 12 9 0 3 4 5 1 2 6 7 
21 13 8 4 1 5 3 2 6 0 7 
21 13 8 1 0 5 7 3 2 6 4 
21 14 7 0 3 5 7 2 1 6 4 
21 13 8 1 0 5 7 3 2 4 6 
21 11 10 1 0 5 6 3 4 2 7 
21 13 8 3 1 2 7 5 4 6 0 
21 11 10 1 0 2 5 3 4 6 7 
20 12 8 1 2 0 5 3 4 6 7 
19 13 6 1 2 5 0 3 4 6 7 
18 14 4 1 2 5 7 3 4 6 0 
21 11 10 3 4 5 6 2 7 1 0 
21 13 8 3 1 2 7 5 4 6 0 
21 15 6 2 3 1 7 6 4 5 0 
21 15 6 2 3 5 7 6 1 4 0 
21 11 10 0 3 5 2 4 1 6 7 
21 12 9 4 3 5 2 1 6 0 7 
21 15 6 2 3 5 7 6 4 1 0 
21 11 10 7 1 5 3 6 4 2 0 
21 10 11 0 1 6 5 4 3 2 7 
21 12 9 2 3 6 5 7 4 1 0 
21 11 10 3 1 2 0 5 4 7 6 
21 14 7 0 1 5 7 2 3 4 6 
21 15 6 2 1 5 7 6 3 4 0 
21 15 6 2 3 5 7 6 4 1 0 
21 12 9 1 2 4 5 3 6 0 7 
20 13 7 1 2 4 5 3 6 7 0 
21 11 10 3 4 1 5 6 2 7 0 
21 12 9 1 4 5 2 3 7 6 0 
21 9 12 7 1 0 5 4 2 6 3 
20 10 10 7 1 5 0 4 2 6 3 
19 11 8 7 1 5 3 4 2 6 0 
21 9 12 7 1 0 3 4 2 6 5 
20 10 10 7 1 3 0 4 2 6 5 
19 11 8 7 1 3 5 4 2 6 0 
21 12 9 3 1 7 2 5 4 6 0 
21 12 9 5 1 7 2 3 4 6 0 
21 13 8 1 0 6 5 2 4 3 7 
21 13 8 1 4 6 3 2 5 0 7 
21 13 8 1 0 6 3 2 4 5 7 
21 13 8 1 6 3 7 5 4 2 0 
21 14 7 1 2 5 3 4 6 7 0 
21 15 6 1 4 5 7 6 3 2 0 
21 10 11 1 5 2 0 7 4 6 3 
20 11 9 1 5 2 3 7 4 6 0 
21 12 9 1 5 3 6 7 4 2 0 
21 9 12 7 3 1 6 5 4 2 0 
21 15 6 1 4 3 7 5 2 6 0 
21 15 6 1 4 3 7 2 6 0 5 
20 16 4 1 4 3 7 2 6 5 0 
21 15 6 1 0 3 7 2 4 6 5 
21 15 6 1 4 3 5 2 6 0 7 
21 15 6 1 0 3 5 2 4 6 7 
21 11 10 1 3 5 2 7 0 4 6 
20 12 8 1 3 5 2 7 4 0 6 
21 13 8 2 3 5 7 0 1 4 6 
21 11 10 1 7 5 3 0 4 6 2 
17 13 4 1 7 5 3 2 4 6 0 
20 14 6 1 7 5 0 2 4 6 3 
20 14 6 1 7 5 3 2 4 0 6 
21 15 6 1 0 3 7 2 4 6 5 
21 17 4 5 1 3 7 2 4 6 0 
21 13 8 1 3 4 5 0 2 6 7 
20 14 6 1 3 4 5 2 0 6 7 
21 17 4 1 3 5 7 2 0 6 4 
21 13 8 1 2 6 5 3 4 0 7 
21 15 6 1 2 5 7 3 4 0 6 
21 15 6 1 0 5 7 2 3 4 6 
21 12 9 0 1 3 7 4 2 6 5 
21 15 6 1 3 4 5 2 6 0 7 
21 13 8 1 0 3 7 4 2 6 5 
21 15 6 5 1 3 7 4 2 6 0 
22 12 10 3 1 0 7 4 6 2 5 
22 11 11 2 1 0 3 7 4 6 5 
21 12 9 2 1 3 0 7 4 6 5 
20 13 7 2 1 3 5 7 4 6 0 
22 9 13 0 1 6 3 5 4 2 7 
22 10 12 5 1 6 3 0 4 2 7 
22 10 12 5 1 6 7 0 4 2 3 
22 13 9 0 1 7 3 2 4 5 6 
22 8 14 7 0 1 5 3 4 6 2 
21 9 12 7 1 0 5 3 4 6 2 
22 9 13 5 3 1 6 7 4 0 2 
22 11 11 2 3 1 6 7 4 0 5 
22 16 6 2 3 0 7 1 4 6 5 
22 12 10 1 4 0 5 3 2 7 6 
21 13 8 1 4 7 5 3 2 0 6 
21 13 8 1 4 5 0 3 2 7 6 
22 14 8 4 1 5 7 2 0 6 3 
22 10 12 4 1 6 7 3 0 2 5 
21 11 10 4 1 6 7 3 2 0 5 
20 12 8 4 1 6 7 3 2 5 0 
22 12 10 7 1 5 6 2 4 0 3 
21 13 8 7 1 5 6 2 4 3 0 
22 9 13 3 1 0 6 7 4 5 2 
22 11 11 0 6 5 3 1 4 2 7 
22 13 9 1 4 5 0 7 3 6 2 
22 16 6 1 4 5 6 2 3 0 7 
22 11 11 1 5 3 6 7 4 0 2 
22 13 9 5 3 6 2 1 4 0 7 
22 14 8 5 3 0 7 1 4 2 6 
22 14 8 2 3 5 7 0 1 6 4 
21 15 6 2 3 5 7 1 0 6 4 
22 13 9 0 4 5 3 1 2 6 7 
22 14 8 3 4 5 6 1 2 0 7 
22 16 6 1 3 5 6 4 2 0 7 
22 16 6 1 3 5 7 0 2 6 4 
22 8 14 3 0 1 2 7 4 6 5 
22 12 10 3 1 0 6 4 2 5 7 
22 14 8 3 0 5 7 1 2 6 4 
22 14 8 3 0 5 7 1 2 4 6 
22 10 12 3 0 1 7 4 6 5 2 
22 12 10 3 0 1 7 4 2 5 6 
22 9 13 3 1 0 6 7 4 5 2 
22 9 13 3 1 5 6 7 0 4 2 
22 12 10 3 0 5 6 1 4 2 7 
22 10 12 3 1 0 6 5 4 2 7 
22 10 12 3 1 6 7 5 0 4 2 
22 11 11 7 1 5 2 3 4 0 6 
22 12 10 3 0 2 5 1 4 6 7 
21 13 8 3 2 0 5 1 4 6 7 
20 14 6 3 2 5 0 1 4 6 7 
19 15 4 3 2 5 7 1 4 6 0 
22 12 10 3 1 2 0 5 4 6 7 
22 12 10 7 1 5 0 3 4 2 6 
22 8 14 3 0 1 5 4 7 6 2 
21 9 12 3 7 1 5 4 0 6 2 
21 9 12 3 1 0 5 4 7 6 2 
20 10 10 3 1 5 0 4 7 6 2 
20 11 9 3 1 5 2 4 7 6 0 
22 10 12 5 1 6 7 3 0 4 2 
22 11 11 7 0 3 5 2 4 6 1 
22 15 7 0 3 5 1 2 4 6 7 
22 10 12 7 0 3 1 2 4 6 5 
22 10 12 7 0 3 5 2 4 1 6 
22 10 12 7 0 1 5 2 3 4 6 
21 11 10 7 1 0 5 2 3 4 6 
20 12 8 7 1 5 0 2 3 4 6 
21 13 8 7 1 5 6 2 3 4 0 
22 10 12 7 3 1 5 0 2 4 6 
22 12 10 7 3 6 0 1 4 2 5 
22 12 10 7 3 6 5 1 4 0 2 
22 16 6 1 3 5 7 0 2 4 6 
22 8 14 3 0 1 2 7 4 6 5 
22 9 13 3 1 0 6 7 4 5 2 
22 11 11 3 4 5 2 0 1 6 7 
22 11 11 3 6 5 2 4 1 0 7 
22 8 14 7 0 5 3 4 1 6 2 
22 10 12 7 1 0 5 3 4 6 2 
22 12 10 2 0 5 3 4 1 6 7 
22 7 15 3 0 1 6 7 4 2 5 
22 10 12 3 6 2 5 1 0 4 7 
22 12 10 3 6 0 7 1 4 5 2 
22 12 10 3 6 5 7 1 0 4 2 
22 12 10 3 4 0 7 1 6 5 2 
22 12 10 3 5 6 7 1 0 4 2 
22 12 10 2 1 6 5 3 0 4 7 
22 8 14 7 3 0 5 4 6 1 2 
21 9 12 7 3 5 0 4 6 1 2 
21 10 11 7 3 5 2 4 6 1 0 
22 11 11 0 3 1 5 4 6 2 7 
22 12 10 2 3 0 5 4 6 1 7 
21 13 8 2 3 5 0 4 6 1 7 
20 14 6 2 3 5 7 4 6 1 0 
22 11 11 1 4 6 0 7 3 2 5 
22 11 11 1 4 6 5 7 3 0 2 
22 10 12 1 6 2 0 3 4 7 5 
22 9 13 1 5 6 3 7 0 4 2 
22 11 11 1 4 0 2 3 6 5 7 
22 13 9 1 0 5 2 4 3 6 7 
22 11 11 1 5 6 2 3 0 4 7 
22 14 8 1 3 0 7 4 6 5 2 
22 14 8 2 0 3 5 1 4 6 7 
22 10 12 5 3 0 6 4 1 2 7 
22 14 8 2 3 0 7 4 1 5 6 
22 14 8 2 3 5 7 4 0 1 6 
22 12 10 5 3 0 1 4 2 6 7 
22 14 8 1 4 0 7 3 2 5 6 
22 14 8 3 4 0 7 1 2 5 6 
22 16 6 1 3 0 7 4 2 5 6 
22 13 9 1 0 5 2 4 3 6 7 
22 9 13 5 1 6 0 7 4 2 3 
22 9 13 5 1 6 3 7 4 0 2 
22 10 12 5 1 6 3 0 4 2 7 
22 14 8 3 1 0 7 2 6 5 4 
22 12 10 7 3 6 0 1 4 2 5 
22 11 11 7 1 5 2 3 4 0 6 
22 14 8 7 3 5 0 2 1 4 6 
22 14 8 3 1 5 0 6 2 4 7 
21 12 9 3 1 5 7 6 2 0 4 
22 14 8 2 3 5 6 4 1 0 7 
22 10 12 3 4 1 5 0 2 7 6 
22 14 8 2 3 1 0 5 4 6 7 
22 14 8 2 3 1 7 5 4 0 6 
22 14 8 2 3 1 0 5 4 6 7 
22 14 8 2 3 1 7 5 4 0 6 
22 13 9 3 5 7 2 1 4 0 6 
22 12 10 1 0 4 7 3 2 6 5 
22 14 8 1 3 6 0 5 4 2 7 
22 14 8 1 3 6 7 5 4 0 2 
22 12 10 3 1 7 5 4 0 2 6 
22 11 11 6 1 5 3 7 4 2 0 
22 8 14 4 3 1 5 0 7 6 2 
18 10 8 4 3 1 5 2 7 6 0 
21 11 10 4 3 1 0 2 7 6 5 
21 11 10 4 3 1 5 2 7 0 6 
22 13 9 2 3 5 1 7 4 0 6 
22 14 8 2 3 5 1 0 4 6 7 
22 8 14 3 1 5 6 0 7 4 2 
18 10 8 3 1 5 6 2 7 4 0 
21 11 10 3 1 5 6 2 7 0 4 
22 8 14 3 1 2 5 0 7 4 6 
21 10 11 3 1 2 5 6 7 4 0 
21 11 10 3 1 2 0 5 7 4 6 
22 13 9 2 3 5 1 7 4 0 6 
22 10 12 2 3 1 5 0 7 4 6 
22 10 12 0 3 1 2 5 4 6 7 
22 11 11 0 1 4 5 3 2 6 7 
22 10 12 0 1 6 2 3 4 5 7 
20 12 8 2 1 6 0 3 4 5 7 
19 13 6 2 1 6 7 3 4 5 0 
22 8 14 0 1 5 2 3 7 4 6 
20 10 10 2 1 5 0 3 7 4 6 
21 11 10 2 1 5 6 3 7 4 0 
22 14 8 7 1 3 5 2 4 0 6 
22 9 13 0 1 2 6 3 4 5 7 
22 10 12 3 4 1 7 0 6 2 5 
22 9 13 0 4 1 5 3 6 2 7 
22 10 12 4 0 6 5 1 3 2 7 
22 12 10 7 4 6 5 1 3 2 0 
22 12 10 4 0 5 7 1 3 6 2 
22 9 13 0 4 5 3 1 7 6 2 
20 12 8 2 4 5 3 1 7 6 0 
21 11 10 3 4 5 0 1 7 6 2 
21 12 9 3 4 5 2 1 7 6 0 
22 12 10 1 4 0 5 2 7 6 3 
22 12 10 1 4 0 3 2 7 5 6 
21 13 8 1 4 3 0 2 7 5 6 
22 12 10 0 5 3 2 1 4 6 7 
20 14 6 2 5 3 0 1 4 6 7 
22 11 11 0 1 2 7 3 4 5 6 
22 10 12 4 0 6 5 1 3 2 7 
22 12 10 4 3 6 0 1 2 7 5 
22 12 10 4 0 3 5 1 2 6 7 
22 12 10 4 0 5 7 1 3 6 2 
22 14 8 4 3 0 5 2 1 6 7 
22 14 8 4 3 0 7 2 1 5 6 
22 14 8 4 3 5 7 2 0 1 6 
22 12 10 4 0 1 5 2 3 6 7 
21 13 8 4 1 0 5 2 3 6 7 
22 11 11 0 1 2 7 3 4 5 6 
22 10 12 5 1 6 7 0 4 2 3 
22 8 14 3 4 1 5 0 7 2 6 
22 9 13 3 4 0 5 7 2 1 6 
21 10 11 3 4 5 0 7 2 1 6 
22 10 12 3 4 1 2 5 7 0 6 
22 12 10 3 5 6 0 4 1 2 7 
22 11 11 0 2 1 5 3 4 6 7 
22 10 12 7 1 5 0 4 6 2 3 
22 12 10 1 4 5 0 3 6 7 2 
22 13 9 1 4 5 0 7 3 6 2 
22 12 10 1 5 6 0 3 4 7 2 
22 16 6 1 4 5 0 2 6 3 7 
22 16 6 1 5 6 0 2 4 3 7 
21 14 7 1 5 7 3 2 4 0 6 
22 11 11 0 4 6 7 1 3 2 5 
22 12 10 1 6 2 0 3 4 5 7 
22 12 10 1 6 7 5 3 4 0 2 
22 8 14 1 4 6 5 0 7 2 3 
20 10 10 1 4 6 5 3 7 2 0 
21 11 10 1 4 6 0 5 7 2 3 
18 8 10 1 4 6 3 5 7 2 0 
22 8 14 1 4 6 3 0 7 2 5 
18 10 8 1 4 6 3 5 7 2 0 
21 11 10 1 4 6 3 5 7 0 2 
22 9 13 1 6 0 3 7 4 2 5 
22 12 10 5 3 1 7 0 4 2 6 
22 9 13 0 1 5 2 7 4 6 3 
22 16 6 6 3 5 7 1 4 2 0 
22 10 12 4 3 6 7 0 1 2 5 
21 11 10 4 3 6 7 1 0 2 5 
20 12 8 4 3 6 7 1 2 0 5 
19 13 6 4 3 6 7 1 2 5 0 
21 13 8 4 3 0 7 1 2 6 5 
22 12 10 3 1 2 7 4 6 0 5 
22 12 10 2 3 5 6 7 4 0 1 
22 12 10 4 3 1 7 0 2 6 5 
22 10 12 3 1 5 0 6 7 4 2 
22 10 12 3 1 5 2 6 7 0 4 
22 14 8 2 1 3 7 0 4 5 6 
22 16 6 6 1 3 7 2 4 5 0 
22 14 8 4 3 5 0 1 6 2 7 
22 12 10 3 5 2 7 4 1 0 6 
22 10 12 1 0 4 3 7 2 6 5 
21 11 10 1 2 4 3 7 0 6 5 
20 12 8 1 2 4 3 7 6 0 5 
19 13 6 1 2 4 3 7 6 5 0 
22 11 11 1 4 0 3 7 2 6 5 
22 10 12 1 6 2 0 7 4 5 3 
22 12 10 2 3 1 5 0 4 7 6 
22 14 8 6 3 1 5 2 4 7 0 
22 14 8 3 1 6 4 5 2 0 7 
22 13 9 3 1 5 4 7 2 6 0 
22 14 8 2 1 6 7 3 4 0 5 
22 14 8 2 1 7 0 3 4 6 5 
21 15 6 2 1 7 5 3 4 6 0 
22 12 10 3 1 5 7 6 0 2 4 
21 13 8 3 1 5 7 6 2 0 4 
22 12 10 3 1 2 7 5 4 0 6 
22 12 10 3 1 7 0 5 4 2 6 
22 9 13 4 1 5 3 7 6 0 2 
21 10 11 4 1 5 3 7 6 2 0 
22 11 11 3 1 0 2 5 4 6 7 
22 11 11 4 1 5 2 3 6 0 7 
22 11 11 4 1 5 2 0 3 6 7 
22 11 11 5 1 6 2 3 4 7 0 
22 11 11 5 1 0 2 3 4 6 7 
22 12 10 5 1 2 7 3 4 0 6 
21 13 8 5 1 2 7 3 4 6 0 
22 12 10 5 1 7 0 3 4 2 6 
22 12 10 1 6 5 3 4 0 2 7 
21 13 8 1 6 5 3 4 2 0 7 
22 12 10 1 6 5 7 4 0 2 3 
21 13 8 1 6 5 7 4 2 0 3 
20 14 6 1 6 5 7 4 2 3 0 
22 14 8 4 3 1 7 2 6 0 5 
21 15 6 4 3 1 7 2 6 5 0 
22 14 8 1 4 5 6 3 2 7 0 
22 18 4 1 3 5 6 2 4 7 0 
22 8 14 3 4 1 2 7 0 5 6 
22 8 14 3 5 0 2 7 1 4 6 
22 10 12 7 1 0 5 3 4 6 2 
22 12 10 3 1 2 5 4 6 0 7 
22 10 12 7 4 5 3 1 0 6 2 
22 10 12 7 5 0 3 1 4 6 2 
21 11 10 7 5 3 0 1 4 6 2 
21 12 9 7 5 3 2 1 4 6 0 
22 12 10 7 1 6 3 2 4 0 5 
21 13 8 7 1 6 3 2 4 5 0 
22 14 8 7 1 3 5 2 4 0 6 
22 11 11 2 1 6 5 7 4 0 3 
21 12 9 2 1 6 5 7 4 3 0 
22 14 8 2 1 3 7 0 4 5 6 
22 14 8 2 4 5 3 1 0 6 7 
22 14 8 2 5 0 3 1 4 6 7 
22 11 11 3 4 6 5 7 1 2 0 
22 13 9 3 6 5 2 1 4 7 0 
22 12 10 2 4 1 5 3 0 6 7 
22 12 10 3 5 0 7 4 1 2 6 
22 10 12 3 4 5 7 0 6 1 2 
18 12 6 3 4 5 7 2 6 1 0 
20 13 7 3 4 5 7 2 6 0 1 
21 13 8 3 4 5 0 2 6 1 7 
21 14 7 3 4 5 7 2 0 6 1 
22 9 13 3 4 5 2 7 6 0 1 
22 11 11 7 1 5 2 4 3 0 6 
22 12 10 4 1 5 7 0 3 6 2 
22 12 10 1 6 0 5 4 3 2 7 
21 13 8 1 6 5 0 4 3 2 7 
20 14 6 1 6 5 7 4 3 2 0 
22 10 12 1 0 2 5 3 6 4 7 
21 11 10 1 2 0 5 3 6 4 7 
20 12 8 1 2 5 0 3 6 4 7 
19 13 6 1 2 5 7 3 6 4 0 
22 10 12 1 6 2 5 0 3 4 7 
21 13 8 1 6 2 0 5 3 4 7 
22 12 10 1 6 7 0 3 4 5 2 
22 12 10 1 0 6 7 3 4 5 2 
22 12 10 1 0 5 7 3 6 4 2 
22 12 10 1 6 5 7 0 3 4 2 
18 14 4 1 6 5 7 2 3 4 0 
21 15 6 1 6 5 0 2 3 4 7 
21 15 6 1 6 5 7 2 3 0 4 
22 12 10 1 4 7 0 3 6 5 2 
22 14 8 1 5 0 7 4 3 6 2 
22 16 6 1 4 6 7 2 3 0 5 
21 17 4 1 4 6 7 2 3 5 0 
22 16 6 1 4 7 0 2 3 6 5 
21 17 4 1 4 7 5 2 3 6 0 
22 12 10 1 5 6 7 0 3 4 2 
18 14 4 1 5 6 7 2 3 4 0 
21 15 6 1 5 6 0 2 3 4 7 
21 15 6 1 5 6 7 2 3 0 4 
22 12 10 5 3 2 6 1 4 0 7 
22 16 6 2 3 7 0 1 4 5 6 
22 14 8 5 3 6 1 2 4 0 7 
22 14 8 5 3 6 1 2 4 0 7 
22 14 8 1 4 7 0 3 2 5 6 
22 12 10 1 6 0 5 4 3 2 7 
22 13 9 1 3 0 5 7 4 6 2 
22 16 6 2 3 5 6 1 4 7 0 
22 12 10 3 2 4 5 1 0 6 7 
22 14 8 1 2 3 5 4 0 6 7 
22 13 9 4 1 5 3 7 2 6 0 
22 14 8 3 5 0 7 2 1 6 4 
22 12 10 6 1 5 0 3 4 2 7 
22 12 10 3 1 2 7 4 0 6 5 
22 12 10 5 1 2 0 3 4 6 7 
22 8 14 5 4 1 0 3 7 6 2 
21 9 12 5 4 1 2 3 7 6 0 
22 10 12 2 4 1 0 3 7 6 5 
22 10 12 2 4 1 5 3 7 0 6 
22 11 11 3 4 6 5 2 7 0 1 
22 10 12 3 4 6 1 2 7 0 5 
21 11 10 3 4 6 1 2 7 5 0 
22 15 7 5 3 6 7 2 4 0 1 
22 15 7 5 3 7 0 2 4 6 1 
22 14 8 5 3 6 1 2 4 0 7 
22 14 8 5 3 7 0 2 4 1 6 
22 12 10 3 1 6 7 4 0 5 2 
22 11 11 0 3 1 7 4 6 2 5 
22 10 12 1 0 4 3 7 6 5 2 
22 12 10 1 4 3 2 7 6 0 5 
22 12 10 1 4 5 3 6 0 2 7 
21 13 8 1 4 5 3 6 2 0 7 
22 12 10 1 5 6 3 4 0 2 7 
22 16 6 2 5 3 7 1 4 0 6 
22 16 6 1 5 7 0 2 4 3 6 
22 16 6 1 0 5 7 2 4 3 6 
22 14 8 2 4 0 5 1 3 6 7 
22 12 10 5 3 0 7 4 1 6 2 
22 12 10 3 1 2 7 4 0 6 5 
22 14 8 2 3 1 7 4 0 5 6 
22 12 10 4 3 5 2 7 1 6 0 
22 15 7 2 3 5 7 4 0 6 1 
22 15 7 3 5 0 7 2 4 6 1 
22 14 8 2 3 5 7 4 0 1 6 
22 14 8 3 4 5 7 2 0 1 6 
22 14 8 3 5 0 7 2 4 1 6 
21 15 6 3 5 1 7 2 4 0 6 
20 16 4 3 5 1 7 2 4 6 0 
22 14 8 3 5 0 7 1 4 2 6 
22 9 13 7 1 5 2 4 0 6 3 
22 10 12 7 1 5 3 4 0 2 6 
21 11 10 7 1 5 3 4 2 0 6 
22 12 10 7 1 5 0 3 4 2 6 
22 11 11 4 1 6 5 7 3 2 0 
22 14 8 2 1 5 7 4 6 0 3 
21 15 6 2 1 5 7 4 6 3 0 
22 15 7 2 3 5 7 4 0 6 1 
22 10 12 3 4 1 6 0 2 5 7 
21 11 10 3 4 1 6 2 0 5 7 
22 12 10 3 4 1 7 0 2 5 6 
22 10 12 3 1 2 6 5 0 4 7 
22 14 8 2 1 5 0 3 4 7 6 
22 14 8 3 5 7 0 1 4 2 6 
22 10 12 3 6 2 7 4 1 0 5 
21 11 10 3 6 2 7 4 1 5 0 
22 10 12 3 6 7 0 4 1 2 5 
21 11 10 3 6 7 5 4 1 2 0 
22 10 12 5 1 2 6 3 4 7 0 
22 14 8 2 1 7 6 3 4 5 0 
22 10 12 5 3 6 0 7 4 2 1 
22 11 11 2 3 0 1 7 4 6 5 
22 12 10 2 3 6 0 7 4 5 1 
22 14 8 2 3 5 7 4 0 1 6 
22 12 10 3 2 1 7 4 6 0 5 
21 13 8 3 2 1 7 4 6 5 0 
22 12 10 3 2 1 7 0 4 6 5 
22 11 11 5 3 1 2 4 6 0 7 
21 12 9 5 3 1 2 4 6 7 0 
22 11 11 5 3 1 2 0 4 6 7 
22 12 10 1 2 4 5 0 3 6 7 
21 15 6 1 2 4 0 5 3 6 7 
22 11 11 3 1 6 2 4 5 0 7 
22 14 8 2 1 5 7 4 6 0 3 
22 12 10 3 1 4 5 2 7 0 6 
21 13 8 3 1 4 5 2 7 6 0 
22 14 8 2 1 5 7 4 6 0 3 
22 10 12 3 1 2 6 4 5 0 7 
22 10 12 3 0 1 5 6 4 2 7 
21 11 10 3 1 0 5 6 4 2 7 
22 12 10 3 4 1 7 5 6 2 0 
22 16 6 1 4 7 6 2 3 5 0 
22 16 6 1 5 0 7 2 4 3 6 
22 13 9 1 5 3 2 4 6 0 7 
21 14 7 1 5 3 2 4 6 7 0 
22 13 9 1 5 3 2 0 4 6 7 
22 14 8 5 3 7 0 1 4 6 2 
22 12 10 3 1 2 7 4 5 0 6 
21 13 8 3 1 2 7 4 5 6 0 
22 12 10 3 1 2 7 4 5 0 6 
22 14 8 1 5 7 0 3 4 2 6 
22 10 12 7 1 6 0 4 2 3 5 
22 10 12 7 1 6 0 4 2 5 3 
22 14 8 3 4 1 5 2 6 7 0 
22 14 8 3 5 7 6 2 1 4 0 
22 11 11 3 5 6 2 4 1 7 0 
22 12 10 3 1 2 5 4 6 7 0 
22 14 8 0 3 6 7 2 4 5 1 
19 17 2 1 3 6 7 2 4 5 0 
22 14 8 3 4 1 5 2 6 7 0 
22 14 8 3 4 1 5 2 6 7 0 
22 14 8 1 4 6 0 5 2 3 7 
22 9 13 1 6 2 5 7 0 4 3 
22 10 12 1 6 2 0 7 4 3 5 
22 12 10 1 6 5 7 4 0 2 3 
22 12 10 1 6 5 3 4 0 2 7 
22 12 10 1 6 3 7 4 0 2 5 
21 13 8 1 6 3 7 4 2 0 5 
20 14 6 1 6 3 7 4 2 5 0 
22 12 10 1 6 3 5 4 0 2 7 
21 13 8 1 6 3 5 4 2 0 7 
22 14 8 1 6 3 0 5 4 2 7 
22 15 7 1 2 5 3 7 4 6 0 
22 14 8 1 5 6 3 4 2 7 0 
22 12 10 7 3 1 0 4 2 6 5 
22 14 8 2 3 6 5 4 1 7 0 
22 14 8 1 5 7 6 3 4 2 0 
22 10 12 1 4 5 2 7 6 0 3 
21 11 10 1 4 5 2 7 6 3 0 
22 10 12 1 5 6 2 7 4 0 3 
21 11 10 1 5 6 2 7 4 3 0 
22 11 11 1 5 2 3 7 4 0 6 
22 14 8 1 5 3 7 0 4 2 6 
22 8 14 7 3 1 6 4 0 2 5 
21 9 12 7 3 1 6 4 2 0 5 
20 10 10 7 3 1 6 4 2 5 0 
21 11 10 7 3 1 0 4 2 5 6 
22 10 12 7 3 1 0 6 4 2 5 
22 14 8 1 5 0 3 2 4 7 6 
21 15 6 1 5 7 3 2 4 0 6 
21 15 6 1 5 3 0 2 4 7 6 
22 16 6 1 4 3 0 5 2 6 7 
22 10 12 1 0 2 3 7 6 4 5 
21 11 10 1 2 0 3 7 6 4 5 
20 12 8 1 2 3 0 7 6 4 5 
20 13 7 1 2 3 5 7 6 4 0 
21 15 6 1 2 3 4 7 6 0 5 
20 16 4 1 2 3 4 7 6 5 0 
21 14 7 1 2 3 5 7 6 0 4 
22 10 12 1 6 2 3 0 7 4 5 
18 12 6 1 6 2 3 5 7 4 0 
19 13 6 1 6 2 3 5 7 0 4 
20 14 6 1 6 2 3 5 0 7 4 
21 13 8 1 6 2 0 5 7 4 3 
21 15 6 1 0 2 3 5 6 7 4 
20 16 4 1 2 0 3 5 6 7 4 
19 17 2 1 2 3 0 5 6 7 4 
18 18 0 1 2 3 4 5 6 7 0 
