14 0 14 6 5 0 3 7 1 2 4 
13 1 12 6 5 2 3 7 1 0 4 
14 2 12 6 5 2 3 7 1 4 0 
16 2 14 6 5 2 3 7 0 1 4 
17 3 14 6 5 2 0 7 1 4 3 
17 3 14 6 0 2 3 7 5 1 4 
16 4 12 6 2 0 3 7 5 1 4 
15 5 10 6 2 1 3 7 5 0 4 
15 5 10 6 2 3 0 7 5 1 4 
14 6 8 6 2 3 4 7 5 1 0 
16 6 10 6 2 1 3 7 5 4 0 
16 7 9 6 2 3 4 7 5 0 1 
17 3 14 6 5 2 3 0 7 1 4 
17 4 13 0 6 2 3 7 5 1 4 
17 4 13 0 5 2 3 6 7 1 4 
17 5 12 5 0 2 3 6 7 1 4 
16 6 10 5 2 0 3 6 7 1 4 
15 7 8 5 2 1 3 6 7 0 4 
15 7 8 5 2 3 0 6 7 1 4 
14 8 6 5 2 3 4 6 7 1 0 
16 8 8 5 2 1 3 6 7 4 0 
16 8 8 5 2 1 3 6 0 7 4 
16 9 7 5 2 3 4 6 7 0 1 
17 9 8 5 2 1 3 0 6 7 4 
17 10 7 5 2 3 4 6 0 7 1 
17 10 7 0 2 1 3 5 6 7 4 
18 4 14 6 5 2 3 0 1 4 7 
17 5 12 6 5 2 3 1 0 4 7 
18 6 12 6 5 2 4 7 1 0 3 
17 7 10 6 5 2 4 7 1 3 0 
18 6 12 6 2 1 3 7 0 5 4 
18 8 10 6 2 3 1 7 5 0 4 
18 8 10 6 2 3 4 0 5 1 7 
17 9 8 6 2 3 4 5 0 1 7 
16 10 6 6 2 3 4 5 1 0 7 
15 11 4 6 2 3 4 5 1 7 0 
18 5 13 6 5 2 3 4 7 1 0 
18 6 12 6 0 2 3 5 7 1 4 
17 7 10 6 2 0 3 5 7 1 4 
16 8 8 6 2 1 3 5 7 0 4 
16 8 8 6 2 3 0 5 7 1 4 
15 9 6 6 2 3 4 5 7 1 0 
17 9 8 6 2 1 3 5 7 4 0 
17 9 8 6 2 1 3 5 0 7 4 
17 10 7 6 2 3 4 5 7 0 1 
18 6 12 3 6 2 0 7 5 1 4 
17 7 10 3 6 2 4 7 5 1 0 
18 6 12 3 5 2 0 6 7 1 4 
17 7 10 3 5 2 4 6 7 1 0 
18 6 12 5 7 2 3 6 0 1 4 
17 7 10 5 7 2 3 6 1 0 4 
18 10 8 5 2 3 1 6 7 0 4 
18 11 7 5 2 1 3 4 6 7 0 
18 11 7 5 2 3 4 0 6 7 1 
15 13 2 5 2 3 4 1 6 7 0 
18 12 6 3 2 1 0 5 6 7 4 
17 13 4 3 2 1 4 5 6 7 0 
18 5 13 0 5 2 3 6 1 4 7 
18 6 12 6 5 2 3 1 4 0 7 
17 7 10 6 5 2 3 1 4 7 0 
18 6 12 6 0 2 3 1 5 4 7 
17 7 10 6 2 0 3 1 5 4 7 
16 8 8 6 2 4 3 1 5 0 7 
15 9 6 6 2 4 3 1 5 7 0 
16 8 8 6 2 3 0 1 5 4 7 
17 9 8 6 2 3 7 1 5 4 0 
17 11 6 6 2 3 4 1 5 0 7 
16 12 4 6 2 3 4 1 5 7 0 
18 9 9 0 2 3 4 6 5 1 7 
18 12 6 6 2 3 0 5 1 7 4 
18 7 11 0 6 2 3 5 7 1 4 
18 11 7 6 2 3 4 5 0 7 1 
18 8 10 5 7 2 3 6 1 4 0 
18 12 6 0 2 3 4 5 6 7 1 
15 15 0 1 2 3 4 5 6 7 0 
