8 0 8 6 5 0 3 7 1 2 4 
9 1 8 6 5 2 3 7 1 0 4 
9 2 7 6 5 2 3 7 1 4 0 
10 2 8 6 5 2 3 7 0 1 4 
11 3 8 6 5 2 0 7 1 4 3 
11 3 8 6 0 2 3 7 5 1 4 
11 3 8 6 5 2 3 0 7 1 4 
11 4 7 6 2 0 3 7 5 1 4 
11 5 6 6 2 3 0 7 5 1 4 
10 6 4 6 2 3 4 7 5 1 0 
12 4 8 6 5 2 3 0 1 4 7 
12 4 8 6 5 0 2 7 1 4 3 
12 4 8 0 6 2 3 7 5 1 4 
12 4 8 0 5 2 3 6 7 1 4 
12 5 7 6 5 2 3 4 7 1 0 
12 5 7 6 2 1 3 7 5 0 4 
12 7 5 6 2 3 4 7 5 0 1 
12 5 7 6 0 5 2 7 1 4 3 
12 6 6 6 2 1 3 7 5 4 0 
13 5 8 6 5 0 3 7 1 4 2 
13 5 8 0 5 2 3 7 1 4 6 
13 5 8 0 5 2 6 7 1 4 3 
13 6 7 6 5 2 4 7 1 0 3 
13 6 7 6 5 2 7 0 1 4 3 
13 6 7 6 0 2 3 5 7 1 4 
13 7 6 0 2 3 6 7 5 1 4 
13 8 5 6 2 3 4 0 5 1 7 
13 5 8 6 5 2 3 1 0 4 7 
13 5 8 0 5 2 3 6 1 4 7 
13 5 8 6 5 4 2 7 1 0 3 
13 5 8 7 6 2 3 0 5 1 4 
13 5 8 5 0 2 3 6 7 1 4 
13 6 7 6 2 1 3 7 0 5 4 
13 8 5 6 2 3 4 7 0 5 1 
13 6 7 6 1 5 2 7 0 4 3 
13 6 7 0 6 5 2 7 1 4 3 
13 6 7 6 5 3 0 7 1 4 2 
13 6 7 6 0 5 3 7 1 4 2 
13 7 6 6 5 2 4 7 1 3 0 
13 7 6 6 2 0 3 5 7 1 4 
13 9 4 6 2 3 4 5 0 1 7 
13 6 7 6 5 2 3 1 4 0 7 
13 6 7 6 5 4 2 7 1 3 0 
13 6 7 7 6 2 3 5 0 1 4 
13 6 7 5 2 0 3 6 7 1 4 
13 7 6 6 1 5 2 7 4 0 3 
13 7 6 6 5 3 2 7 1 4 0 
13 8 5 6 2 3 0 5 7 1 4 
12 9 3 6 2 3 4 5 7 1 0 
13 7 6 6 5 2 3 1 4 7 0 
13 7 6 7 0 2 3 5 6 1 4 
13 7 6 5 2 3 0 6 7 1 4 
12 8 4 5 2 3 4 6 7 1 0 
13 8 5 6 1 5 2 7 4 3 0 
13 8 5 7 2 0 3 5 6 1 4 
13 9 4 7 2 3 0 5 6 1 4 
12 10 2 7 2 3 4 5 6 1 0 
14 6 8 6 5 2 0 3 7 1 4 
13 7 6 6 5 2 4 3 7 1 0 
14 8 6 6 2 3 1 7 5 0 4 
14 8 6 6 2 3 7 0 5 1 4 
14 9 5 0 2 3 4 7 5 1 6 
14 7 7 6 0 2 3 5 1 4 7 
14 6 8 3 6 2 0 7 5 1 4 
13 7 6 3 6 2 4 7 5 1 0 
14 7 7 4 6 2 3 7 5 1 0 
14 6 8 3 5 2 0 6 7 1 4 
13 7 6 3 5 2 4 6 7 1 0 
14 7 7 4 5 2 3 6 7 1 0 
14 6 8 6 5 2 0 4 7 1 3 
14 6 8 6 5 2 3 4 7 0 1 
14 8 6 6 2 0 4 7 5 3 1 
14 7 7 6 2 1 0 7 5 4 3 
14 6 8 6 5 4 3 7 1 0 2 
14 6 8 7 5 2 3 0 1 4 6 
14 6 8 5 0 2 3 7 1 4 6 
14 6 8 7 5 2 6 0 1 4 3 
14 6 8 5 0 2 6 7 1 4 3 
14 7 7 6 5 0 4 7 1 2 3 
14 7 7 6 5 2 4 7 0 1 3 
14 7 7 6 5 2 7 1 0 4 3 
14 7 7 0 5 2 7 6 1 4 3 
14 8 6 6 5 2 7 3 1 4 0 
14 7 7 6 7 2 3 5 0 1 4 
14 7 7 0 6 2 3 5 7 1 4 
14 8 6 7 2 3 6 0 5 1 4 
14 9 5 0 2 3 4 6 5 1 7 
14 6 8 6 0 2 3 1 5 4 7 
14 6 8 5 0 2 3 6 1 4 7 
14 6 8 6 5 4 2 7 0 1 3 
14 7 7 7 6 2 3 4 5 1 0 
14 6 8 5 7 2 3 6 0 1 4 
14 7 7 6 2 1 3 0 7 5 4 
14 9 5 6 2 3 4 0 7 5 1 
14 7 7 6 1 5 2 0 7 4 3 
14 7 7 7 6 5 2 0 1 4 3 
14 7 7 6 1 5 3 7 0 4 2 
14 7 7 0 6 5 3 7 1 4 2 
14 8 6 6 2 1 3 5 7 0 4 
14 10 4 6 2 3 4 5 1 0 7 
13 11 2 6 2 3 4 5 1 7 0 
14 7 7 6 5 0 3 1 4 2 7 
14 7 7 7 6 2 3 5 1 0 4 
14 7 7 5 2 1 3 6 7 0 4 
14 10 4 6 2 3 4 5 7 0 1 
14 8 6 0 7 2 3 5 6 1 4 
14 9 5 5 2 3 4 6 7 0 1 
14 9 5 7 2 1 3 5 6 0 4 
14 11 3 7 2 3 4 5 6 0 1 
14 9 5 6 2 3 1 7 5 4 0 
14 9 5 6 2 3 7 5 0 1 4 
14 8 6 6 2 0 3 5 1 4 7 
14 7 7 6 5 2 3 4 0 7 1 
14 7 7 6 5 4 3 7 1 2 0 
14 7 7 5 2 0 3 7 1 4 6 
14 7 7 5 2 0 6 7 1 4 3 
14 8 6 6 5 2 7 1 4 0 3 
14 9 5 7 2 3 6 5 0 1 4 
14 7 7 6 2 0 3 1 5 4 7 
14 7 7 5 2 0 3 6 1 4 7 
14 7 7 5 7 2 3 0 6 1 4 
14 8 6 6 1 5 3 7 4 0 2 
14 9 5 6 2 1 3 5 7 4 0 
14 9 5 6 2 1 3 5 0 7 4 
14 8 6 6 0 5 3 1 4 2 7 
14 8 6 7 6 2 3 5 1 4 0 
14 8 6 5 2 1 3 6 7 4 0 
14 8 6 5 2 1 3 6 0 7 4 
14 11 3 6 2 3 4 5 0 7 1 
14 10 4 5 2 3 4 6 0 7 1 
14 10 4 7 2 1 3 5 6 4 0 
14 9 5 6 2 3 0 5 1 4 7 
14 8 6 5 2 3 0 7 1 4 6 
14 9 5 6 5 2 7 1 4 3 0 
14 8 6 6 2 3 0 1 5 4 7 
14 8 6 5 2 3 0 6 1 4 7 
14 9 5 6 1 5 3 7 4 2 0 
14 9 5 5 2 1 3 0 6 7 4 
14 11 3 5 2 3 4 0 6 7 1 
14 10 4 6 2 3 7 5 1 4 0 
14 9 5 5 2 3 6 7 1 4 0 
14 9 5 6 2 3 7 1 5 4 0 
14 9 5 5 2 3 7 6 1 4 0 
14 10 4 0 2 1 3 5 6 7 4 
14 12 2 0 2 3 4 5 6 7 1 
15 9 6 6 2 0 4 7 5 1 3 
15 7 8 6 5 2 0 3 1 4 7 
15 7 8 5 6 2 3 7 0 1 4 
15 7 8 7 5 2 3 6 0 1 4 
15 8 7 6 2 1 3 0 5 4 7 
15 7 8 3 5 2 0 7 1 4 6 
15 8 7 1 5 2 3 7 0 4 6 
15 8 7 1 5 2 6 7 0 4 3 
15 8 7 3 5 2 6 7 1 4 0 
15 8 7 2 0 3 6 7 5 1 4 
15 10 5 4 2 3 6 7 5 1 0 
15 7 8 3 5 2 0 6 1 4 7 
14 8 6 3 5 2 7 6 1 4 0 
15 8 7 1 5 2 3 6 0 4 7 
15 8 7 7 5 2 3 6 1 4 0 
15 7 8 6 0 1 3 7 2 5 4 
15 9 6 6 0 3 4 7 2 5 1 
15 8 7 2 6 5 0 7 1 4 3 
15 9 6 1 6 5 2 7 0 4 3 
15 9 6 3 6 5 2 7 1 4 0 
15 8 7 0 5 3 6 7 1 4 2 
15 9 6 6 5 3 4 7 1 0 2 
15 10 5 6 0 3 4 5 2 1 7 
15 7 8 6 5 4 0 7 1 3 2 
15 8 7 6 1 0 2 7 4 5 3 
15 8 7 6 5 3 2 7 1 0 4 
15 10 5 0 2 3 6 5 7 1 4 
15 8 7 6 5 2 0 1 4 7 3 
15 9 6 0 2 3 5 6 7 1 4 
15 10 5 5 2 3 4 0 7 1 6 
15 9 6 6 1 5 0 7 4 3 2 
15 11 4 0 2 3 7 5 6 1 4 
15 7 8 6 5 0 2 3 7 1 4 
15 8 7 6 5 2 4 3 7 0 1 
15 9 6 6 2 3 1 7 0 5 4 
15 9 6 0 2 3 7 6 5 1 4 
15 10 5 6 2 3 7 4 5 1 0 
15 10 5 7 2 3 4 0 5 1 6 
15 8 7 6 1 2 3 5 0 4 7 
15 8 7 0 6 2 3 5 1 4 7 
15 7 8 3 6 0 2 7 5 1 4 
15 8 7 3 6 2 4 7 5 0 1 
15 7 8 3 5 0 2 6 7 1 4 
15 8 7 3 5 2 4 6 7 0 1 
15 7 8 6 5 0 2 4 7 1 3 
15 7 8 6 5 0 3 4 7 2 1 
15 8 7 6 2 0 1 7 5 4 3 
15 7 8 6 5 4 3 7 0 1 2 
15 7 8 7 5 2 3 1 0 4 6 
15 8 7 7 5 2 3 6 1 4 0 
15 7 8 5 1 2 3 7 0 4 6 
15 7 8 7 5 2 6 1 0 4 3 
15 8 7 7 5 2 6 3 1 4 0 
15 7 8 5 1 2 6 7 0 4 3 
15 8 7 6 0 5 4 7 1 2 3 
15 8 7 6 0 2 4 7 5 1 3 
15 8 7 6 5 2 4 0 7 1 3 
15 8 7 6 0 2 7 1 5 4 3 
15 8 7 5 0 2 7 6 1 4 3 
15 8 7 6 7 2 3 5 1 0 4 
15 10 5 7 2 3 6 4 5 1 0 
15 7 8 0 6 2 3 1 5 4 7 
15 7 8 5 1 2 3 6 0 4 7 
15 7 8 6 0 4 2 7 5 1 3 
15 7 8 6 5 4 2 0 7 1 3 
15 7 8 5 7 2 3 6 1 0 4 
15 8 7 0 2 1 3 6 7 5 4 
15 9 6 6 2 1 3 4 7 5 0 
15 10 5 0 2 3 4 6 7 5 1 
15 11 4 6 2 3 4 1 7 5 0 
15 8 7 0 1 5 2 6 7 4 3 
15 9 6 6 1 5 2 3 7 4 0 
15 8 7 7 6 5 2 1 0 4 3 
15 9 6 7 6 5 2 3 1 4 0 
15 8 7 6 1 5 3 0 7 4 2 
15 8 7 7 6 5 3 0 1 4 2 
15 8 7 6 5 3 0 1 4 2 7 
14 9 5 6 5 3 7 1 4 2 0 
15 8 7 7 6 0 3 5 1 2 4 
15 10 5 6 2 3 7 5 1 0 4 
15 9 6 6 2 4 3 5 1 0 7 
14 10 4 6 2 4 3 5 1 7 0 
15 8 7 6 0 2 3 4 5 7 1 
15 8 7 6 5 2 3 0 4 7 1 
15 8 7 5 2 4 3 7 1 0 6 
15 8 7 5 2 4 6 7 1 0 3 
15 8 7 5 2 6 0 7 1 4 3 
15 9 6 6 5 0 7 1 4 2 3 
15 10 5 7 2 3 6 5 1 0 4 
15 8 7 6 2 4 3 1 5 0 7 
14 9 5 6 2 4 3 1 5 7 0 
15 8 7 5 2 4 3 6 1 0 7 
14 9 5 5 2 4 3 6 1 7 0 
15 9 6 5 7 2 3 4 6 1 0 
15 9 6 0 6 5 3 1 4 2 7 
15 11 4 5 2 1 3 4 6 7 0 
15 13 2 5 2 3 4 1 6 7 0 
15 15 0 1 2 3 4 5 6 7 0 
