6 0 6 5 2 3 0 4 1 6 7 
6 1 5 5 2 3 7 4 1 6 0 
8 2 6 5 2 3 0 4 1 6 7 
8 2 6 5 2 3 7 4 1 0 6 
9 3 6 5 2 3 7 0 1 6 4 
9 3 6 5 2 3 7 4 0 1 6 
9 4 5 0 2 3 7 5 1 6 4 
10 4 6 5 2 0 7 4 1 6 3 
10 4 6 0 2 3 7 4 1 6 5 
10 3 7 5 2 0 3 4 1 6 7 
10 4 6 0 2 3 5 4 1 6 7 
10 5 5 5 2 3 4 0 1 6 7 
10 3 7 5 2 0 7 4 1 3 6 
10 4 6 5 2 3 7 1 0 6 4 
10 4 6 5 2 3 7 0 4 1 6 
10 6 4 0 2 3 4 5 1 6 7 
10 5 5 5 2 3 7 1 6 0 4 
10 5 5 0 2 3 7 5 4 1 6 
10 6 4 5 2 3 7 1 6 4 0 
11 5 6 5 2 3 6 4 1 0 7 
10 6 4 5 2 3 6 4 1 7 0 
11 6 5 5 0 3 7 2 1 6 4 
11 4 7 5 0 3 7 4 2 1 6 
11 5 6 2 0 3 7 5 1 6 4 
11 6 5 7 2 3 0 5 1 6 4 
10 7 3 7 2 3 4 5 1 6 0 
11 7 4 1 2 3 7 5 0 6 4 
11 7 4 4 2 3 7 5 1 6 0 
11 5 6 5 0 2 7 4 1 6 3 
11 5 6 4 2 3 7 0 1 6 5 
11 5 6 2 0 3 7 4 1 6 5 
11 4 7 5 2 6 3 4 1 0 7 
10 5 5 5 2 6 3 4 1 7 0 
11 4 7 5 0 2 3 4 1 6 7 
11 5 6 4 2 3 5 0 1 6 7 
11 6 5 5 2 3 4 1 0 6 7 
11 7 4 5 2 3 4 7 1 6 0 
11 4 7 5 2 7 0 4 1 3 6 
11 4 7 5 0 2 7 4 1 3 6 
11 5 6 5 0 3 7 1 2 6 4 
11 6 5 5 2 3 7 6 4 1 0 
11 7 4 5 3 0 7 2 1 6 4 
11 5 6 5 3 0 7 4 2 1 6 
11 6 5 2 3 0 7 5 1 6 4 
11 8 3 1 2 3 7 5 6 0 4 
11 6 5 2 3 0 7 4 1 6 5 
11 7 4 5 2 3 4 1 6 0 7 
10 8 2 5 2 3 4 1 6 7 0 
11 5 6 5 2 7 6 4 1 3 0 
11 6 5 5 3 0 7 1 2 6 4 
11 9 2 1 2 3 7 5 6 4 0 
12 6 6 5 2 3 0 7 1 6 4 
12 5 7 5 2 6 7 4 1 0 3 
12 5 7 5 2 7 0 4 1 6 3 
12 6 6 7 2 3 0 4 1 6 5 
12 7 5 1 2 3 7 4 0 6 5 
12 5 7 2 0 3 5 4 1 6 7 
12 7 5 1 2 3 5 4 0 6 7 
12 7 5 7 2 3 5 4 1 6 0 
12 7 5 5 0 3 7 2 4 1 6 
12 7 5 2 0 3 4 5 1 6 7 
12 9 3 1 2 3 4 5 0 6 7 
12 6 6 5 2 0 7 1 6 3 4 
12 6 6 2 0 3 7 5 4 1 6 
12 7 5 7 2 3 0 5 4 1 6 
12 8 4 6 2 3 7 5 4 1 0 
12 7 5 5 2 3 0 1 6 4 7 
12 6 6 5 2 3 6 4 0 1 7 
12 7 5 5 2 3 0 4 1 7 6 
12 7 5 5 1 3 7 2 0 6 4 
12 7 5 0 5 3 7 2 1 6 4 
12 5 7 0 5 3 7 4 2 1 6 
12 6 6 2 1 3 7 5 0 6 4 
12 8 4 7 2 3 4 5 1 0 6 
12 6 6 5 1 2 7 4 0 6 3 
12 6 6 0 5 2 7 4 1 6 3 
12 6 6 4 2 3 7 1 0 6 5 
12 6 6 2 1 3 7 4 0 6 5 
12 5 7 5 2 6 3 4 0 1 7 
12 6 6 5 2 6 0 4 1 7 3 
12 5 7 5 1 2 3 4 0 6 7 
12 5 7 0 5 2 3 4 1 6 7 
12 6 6 4 2 3 5 1 0 6 7 
12 7 5 4 2 3 5 7 1 6 0 
12 5 7 5 1 2 7 4 0 3 6 
12 5 7 0 5 2 7 4 1 3 6 
12 6 6 0 5 3 7 1 2 6 4 
12 6 6 5 3 1 7 4 2 0 6 
11 7 4 5 3 1 7 4 2 6 0 
12 6 6 5 2 6 7 4 1 3 0 
12 6 6 5 2 7 3 4 1 6 0 
12 7 5 7 2 3 5 4 1 6 0 
12 8 4 1 2 3 7 4 6 0 5 
12 8 4 1 2 3 7 0 4 6 5 
12 6 6 2 3 0 5 4 1 6 7 
12 8 4 1 2 3 5 4 6 0 7 
11 9 2 1 2 3 5 4 6 7 0 
12 8 4 5 3 0 7 2 4 1 6 
12 10 2 1 2 3 4 5 6 0 7 
11 11 0 1 2 3 4 5 6 7 0 
