9 0 9 5 2 3 0 4 1 6 7 
9 1 8 5 2 3 7 4 1 6 0 
11 2 9 5 2 3 0 4 1 6 7 
12 2 10 5 2 3 7 4 1 0 6 
13 3 10 5 2 3 7 0 1 6 4 
12 4 8 5 2 3 7 1 0 6 4 
11 5 6 5 2 3 7 1 6 0 4 
12 6 6 5 2 3 7 1 6 4 0 
13 5 8 5 2 3 4 0 1 6 7 
12 6 6 5 2 3 4 1 0 6 7 
11 7 4 5 2 3 4 1 6 0 7 
10 8 2 5 2 3 4 1 6 7 0 
13 4 9 0 2 3 7 5 1 6 4 
13 7 6 5 2 3 0 1 6 4 7 
13 6 7 0 2 3 4 5 1 6 7 
13 7 6 5 2 3 4 7 1 6 0 
13 9 4 5 2 3 0 1 6 7 4 
13 7 6 1 2 3 7 5 0 6 4 
12 8 4 1 2 3 7 5 6 0 4 
13 9 4 1 2 3 4 5 0 6 7 
12 10 2 1 2 3 4 5 6 0 7 
11 11 0 1 2 3 4 5 6 7 0 
