0 0 0 5 2 3 0 4 1 6 7 
0 0 8 5 2 3 4 0 1 6 7 
0 0 6 5 2 3 4 1 0 6 7 
0 0 4 5 2 3 4 1 6 0 7 
0 0 2 5 2 3 4 1 6 7 0 
0 0 4 5 2 3 0 1 6 7 4 
0 0 6 5 2 3 4 7 1 6 0 
0 0 6 5 2 0 4 1 6 3 7 
0 0 6 5 2 0 4 1 6 7 3 
0 0 6 5 2 0 3 1 6 7 4 
0 0 6 5 2 3 7 1 6 0 4 
0 0 6 5 2 4 0 1 6 3 7 
0 0 6 5 2 7 4 1 6 0 3 
0 0 4 5 2 7 4 1 6 3 0 
0 0 6 5 2 4 0 1 6 7 3 
0 0 4 5 2 4 3 1 6 7 0 
0 0 6 5 2 7 3 1 6 0 4 
0 0 6 5 2 3 7 1 6 4 0 
0 0 6 5 2 4 7 1 6 3 0 
0 0 6 5 2 4 3 1 6 0 7 
0 0 6 5 2 7 0 1 6 3 4 
0 0 6 5 2 7 3 1 6 4 0 
0 0 6 5 2 3 0 1 6 4 7 
0 0 7 0 2 3 4 5 1 6 7 
0 0 4 1 2 3 4 5 0 6 7 
0 0 2 1 2 3 4 5 6 0 7 
0 0 0 1 2 3 4 5 6 7 0 
