8 0 8 1 0 3 6 5 2 7 4 
7 1 6 1 2 3 6 5 0 7 4 
9 2 7 1 2 3 6 5 7 0 4 
11 1 10 1 3 0 6 5 2 7 4 
8 2 6 1 3 6 0 5 2 7 4 
10 3 7 1 3 6 4 5 2 7 0 
10 3 7 1 2 3 6 5 7 4 0 
9 3 6 1 2 3 6 5 0 7 4 
11 2 9 1 3 7 6 5 2 0 4 
9 2 7 1 0 3 6 5 2 7 4 
10 3 7 1 2 3 6 5 0 7 4 
8 4 4 1 3 6 0 5 2 7 4 
10 5 5 1 3 6 4 5 2 7 0 
7 4 3 1 2 3 0 5 7 4 6 
11 4 7 1 2 3 6 5 7 0 4 
16 4 12 1 2 3 6 5 7 0 4 
13 4 9 1 2 3 6 5 7 0 4 
15 3 12 1 3 7 6 5 2 4 0 
10 3 7 1 3 0 6 5 2 7 4 
10 4 6 1 3 6 0 5 2 7 4 
15 5 10 1 3 6 4 5 2 7 0 
12 5 7 1 2 3 6 5 7 4 0 
18 7 11 1 2 3 4 5 7 0 6 
10 8 2 1 2 3 4 5 7 6 0 
10 5 5 1 2 3 6 5 7 4 0 
17 5 12 1 2 3 6 5 0 7 4 
16 5 11 1 2 3 6 5 7 4 0 
20 5 15 1 2 3 6 5 0 7 4 
10 5 5 1 2 3 6 5 7 4 0 
12 5 7 1 2 3 6 5 0 7 4 
12 6 6 1 3 6 0 5 2 7 4 
11 7 4 1 3 6 4 5 2 7 0 
11 6 5 1 3 6 4 5 2 0 7 
13 7 6 1 3 6 4 5 2 7 0 
9 4 5 1 3 7 0 5 2 4 6 
11 4 7 1 3 7 6 5 2 0 4 
13 4 9 1 3 7 6 5 2 0 4 
10 4 6 1 0 3 6 5 2 7 4 
12 5 7 1 2 3 6 5 0 7 4 
12 6 6 1 2 3 0 5 7 4 6 
9 6 3 1 2 3 6 5 7 0 4 
13 8 5 1 2 3 4 5 0 7 6 
18 6 12 1 2 3 0 5 7 4 6 
15 6 9 1 2 3 6 5 7 0 4 
17 6 11 1 2 3 6 5 7 0 4 
12 6 6 1 2 3 0 5 7 4 6 
12 6 6 1 2 3 6 5 7 0 4 
17 6 11 1 2 3 6 5 7 0 4 
14 6 8 1 2 3 0 5 7 4 6 
20 6 14 1 2 3 6 5 7 0 4 
11 6 5 1 2 3 6 5 7 0 4 
13 6 7 1 2 3 6 5 7 0 4 
18 3 15 0 1 3 6 5 2 7 4 
11 5 6 6 1 3 0 5 2 7 4 
19 6 13 6 1 3 4 5 2 7 0 
11 4 7 1 0 3 6 5 2 7 4 
13 5 8 1 2 3 6 5 0 7 4 
11 6 5 1 2 3 6 5 7 0 4 
11 5 6 1 3 0 6 5 2 7 4 
13 6 7 1 3 6 0 5 2 7 4 
11 7 4 1 3 6 4 5 2 7 0 
11 5 6 1 3 0 6 5 2 7 4 
13 6 7 1 3 6 0 5 2 7 4 
11 7 4 1 3 6 4 5 2 7 0 
12 9 3 1 2 3 0 5 7 6 4 
12 10 2 1 2 3 4 5 7 6 0 
15 7 8 1 3 0 4 5 2 6 7 
16 5 11 1 3 7 6 5 2 4 0 
22 5 17 1 3 0 7 5 2 4 6 
12 7 5 1 3 7 4 5 2 0 6 
10 8 2 1 3 7 4 5 2 6 0 
12 5 7 1 3 7 6 5 2 4 0 
9 5 4 1 3 0 6 5 2 7 4 
13 6 7 1 3 6 0 5 2 7 4 
18 7 11 1 3 6 4 5 2 7 0 
15 5 10 1 3 7 6 5 2 4 0 
17 5 12 1 3 0 6 5 2 7 4 
12 6 6 1 3 6 0 5 2 7 4 
12 7 5 1 3 6 4 5 2 7 0 
17 7 10 1 2 3 6 5 7 4 0 
14 9 5 1 2 3 4 5 7 0 6 
20 10 10 1 2 3 4 5 7 6 0 
12 7 5 1 2 3 6 5 7 4 0 
12 7 5 1 2 3 6 5 0 7 4 
19 7 12 1 2 3 6 5 7 4 0 
18 9 9 1 2 3 4 5 7 0 6 
22 10 12 1 2 3 4 5 7 6 0 
10 7 3 1 2 3 6 5 7 4 0 
14 7 7 1 2 3 6 5 0 7 4 
12 7 5 1 2 3 6 5 7 4 0 
13 7 6 1 2 3 6 5 0 7 4 
13 7 6 1 2 3 6 5 7 4 0 
18 7 11 1 2 3 6 5 7 4 0 
17 7 10 1 2 3 6 5 0 7 4 
21 7 14 1 2 3 6 5 7 4 0 
12 7 5 1 2 3 6 5 0 7 4 
12 7 5 1 2 3 6 5 7 4 0 
19 9 10 1 2 3 4 5 7 0 6 
18 10 8 1 2 3 4 5 7 6 0 
22 7 15 1 2 3 6 5 7 4 0 
12 7 5 1 2 3 6 5 0 7 4 
14 7 7 1 2 3 6 5 7 4 0 
14 7 7 1 2 3 6 5 0 7 4 
12 7 5 1 2 3 6 5 7 4 0 
12 7 5 1 2 3 6 5 0 7 4 
19 7 12 6 1 3 0 5 2 7 4 
18 8 10 6 1 3 4 5 2 7 0 
22 7 15 1 2 3 6 5 7 4 0 
12 7 5 1 2 3 6 5 0 7 4 
14 8 6 1 3 6 0 5 2 7 4 
14 9 5 1 3 6 4 5 2 7 0 
12 8 4 1 3 6 4 5 2 0 7 
12 9 3 1 3 6 4 5 2 7 0 
19 8 11 1 3 6 4 5 2 0 7 
18 9 9 1 3 6 4 5 2 7 0 
22 4 18 5 1 3 6 0 2 7 4 
12 7 5 5 1 3 0 6 2 7 4 
14 8 6 5 1 3 4 6 2 7 0 
14 6 8 2 1 3 6 5 0 7 4 
11 6 5 4 1 3 6 5 2 7 0 
15 6 9 1 3 7 6 5 2 0 4 
20 8 12 1 3 6 4 5 2 0 7 
17 9 8 1 3 6 4 5 2 7 0 
19 6 13 1 3 7 6 5 2 0 4 
14 6 8 1 0 3 6 5 2 7 4 
14 7 7 1 2 3 6 5 0 7 4 
19 8 11 1 3 4 0 5 2 6 7 
16 8 8 1 0 3 4 5 2 6 7 
22 9 13 1 2 3 4 5 0 6 7 
11 10 1 1 2 3 4 5 6 0 7 
13 11 2 1 2 3 4 5 6 7 0 
