1 0 3 0 1 2 6 4 5 7 
2 1 3 1 0 2 6 4 5 7 
6 1 3 1 5 2 6 4 0 7 
7 1 3 1 5 2 6 4 7 0 
3 1 3 1 5 0 6 4 7 2 
6 3 3 1 5 7 6 4 0 2 
7 1 3 1 5 7 6 4 2 0 
4 2 3 1 5 7 0 4 2 6 
1 3 3 0 5 7 1 4 2 6 
0 1 0 3 5 7 1 4 2 6 
4 1 1 3 5 7 0 4 2 6 
5 1 1 3 5 7 4 0 2 6 
6 1 1 3 5 7 4 2 0 6 
7 1 1 3 5 7 4 2 6 0 
4 2 1 3 5 7 0 2 6 4 
5 1 1 3 5 7 2 0 6 4 
1 1 1 0 5 7 2 3 6 4 
2 1 1 5 0 7 2 3 6 4 
6 1 1 5 6 7 2 3 0 4 
7 1 1 5 6 7 2 3 4 0 
2 3 1 5 0 7 2 3 4 6 
1 1 1 0 5 7 2 3 4 6 
5 1 1 3 5 7 2 0 4 6 
6 1 1 3 5 7 2 4 0 6 
7 1 1 3 5 7 2 4 6 0 
32 0.4456038475036621