0 0 0 2 7 5 1 0 3 4 6 
0 0 8 2 7 5 0 1 3 4 6 
0 0 8 2 7 5 6 1 3 4 0 
0 0 10 2 7 5 1 6 3 4 0 
0 0 10 2 7 0 5 1 3 4 6 
0 0 10 2 7 5 4 1 3 0 6 
0 0 8 2 7 5 4 1 3 6 0 
0 0 8 2 7 5 0 1 3 6 4 
0 0 10 2 7 5 6 1 3 0 4 
0 0 10 2 7 4 5 1 3 0 6 
0 0 8 2 7 4 5 1 3 6 0 
0 0 10 2 0 7 5 1 3 4 6 
0 0 8 2 3 7 5 1 0 4 6 
0 0 6 2 3 7 5 1 4 0 6 
0 0 4 2 3 7 5 1 4 6 0 
0 0 6 2 3 7 0 1 4 6 5 
0 0 6 2 3 0 5 1 4 6 7 
0 0 4 2 3 5 0 1 4 6 7 
0 0 2 2 3 5 7 1 4 6 0 
0 0 4 2 3 5 7 1 4 0 6 
0 0 6 2 3 0 7 1 4 6 5 
0 0 6 2 3 6 5 1 4 0 7 
0 0 6 2 3 5 6 1 4 0 7 
0 0 6 2 3 0 7 1 4 5 6 
0 0 6 2 3 5 7 1 0 4 6 
0 0 6 2 3 6 7 1 4 0 5 
0 0 4 2 3 6 7 1 4 5 0 
0 0 6 2 3 6 5 1 4 7 0 
0 0 6 2 3 5 6 1 4 7 0 
0 0 6 2 3 7 0 1 4 5 6 
0 0 6 2 3 6 0 1 4 5 7 
0 0 6 2 3 5 0 1 4 7 6 
0 0 6 2 3 7 6 1 4 5 0 
0 0 7 2 3 5 7 0 4 6 1 
0 0 6 0 3 5 7 2 4 6 1 
0 0 0 1 3 5 7 2 4 6 0 
