6 0 6 5 3 1 7 4 2 6 0 
9 1 8 5 3 1 0 4 2 6 7 
8 2 6 5 3 1 7 4 2 6 0 
11 3 8 5 3 1 7 4 2 0 6 
12 2 10 5 3 0 1 4 2 6 7 
12 3 9 0 3 1 5 4 2 6 7 
13 3 10 5 3 6 1 4 2 0 7 
14 4 10 5 3 1 6 4 2 0 7 
14 4 10 5 3 1 4 0 2 6 7 
14 4 10 5 3 1 7 0 2 6 4 
13 5 8 5 3 1 7 2 0 6 4 
14 5 9 5 3 0 7 4 2 6 1 
14 5 9 0 3 1 7 4 2 6 5 
14 4 10 5 3 0 7 4 2 1 6 
14 4 10 5 3 1 7 4 0 2 6 
14 4 10 4 3 1 5 0 2 6 7 
13 5 8 4 3 1 5 2 0 6 7 
14 4 10 3 0 1 5 4 2 6 7 
13 5 8 3 1 0 5 4 2 6 7 
12 6 6 3 1 5 0 4 2 6 7 
11 7 4 3 1 5 7 4 2 6 0 
14 6 8 2 3 1 5 4 0 6 7 
14 6 8 7 3 1 5 4 2 6 0 
14 4 10 5 3 6 1 4 2 7 0 
14 5 9 0 3 1 4 5 2 6 7 
14 6 8 5 3 1 4 7 2 6 0 
14 6 8 5 3 1 7 2 6 0 4 
13 7 6 5 3 1 7 2 6 4 0 
14 6 8 4 3 1 5 2 6 0 7 
14 6 8 3 1 6 5 4 2 0 7 
14 8 6 3 1 5 7 4 2 0 6 
15 3 12 5 0 3 1 4 2 6 7 
15 5 10 5 3 1 6 4 2 7 0 
15 5 10 5 3 1 4 2 0 6 7 
14 6 8 5 3 1 4 2 6 0 7 
13 7 6 5 3 1 4 2 6 7 0 
15 6 9 5 3 6 7 4 2 0 1 
15 6 9 5 3 7 0 4 2 6 1 
15 5 10 5 3 7 0 4 2 1 6 
15 5 10 5 3 1 7 0 4 2 6 
15 6 9 4 3 1 5 7 2 6 0 
15 5 10 3 2 1 5 4 0 6 7 
15 7 8 2 3 1 5 4 6 0 7 
15 7 8 2 3 1 5 0 4 6 7 
15 7 8 4 3 1 5 2 6 7 0 
15 7 8 3 1 6 5 4 2 7 0 
15 4 11 5 2 3 1 4 0 6 7 
14 5 9 5 2 3 1 4 6 0 7 
13 6 7 5 2 3 1 4 6 7 0 
15 4 11 0 5 3 1 4 2 6 7 
12 6 6 1 5 3 0 4 2 6 7 
11 7 4 1 5 3 7 4 2 6 0 
14 8 6 1 5 3 7 4 2 0 6 
15 7 8 5 3 6 7 4 2 1 0 
15 7 8 5 3 7 1 4 2 6 0 
15 7 8 5 3 1 7 6 4 2 0 
15 8 7 0 3 1 5 2 4 6 7 
15 7 8 5 2 3 0 4 6 7 1 
15 7 8 1 5 0 3 4 2 6 7 
16 4 12 5 3 6 1 4 0 2 7 
16 5 11 0 3 1 7 5 2 6 4 
16 6 10 5 0 1 7 2 3 6 4 
15 7 8 5 1 0 7 2 3 6 4 
16 6 10 4 3 1 7 0 2 6 5 
15 7 8 4 3 1 7 2 0 6 5 
16 6 10 3 0 1 7 4 2 6 5 
15 7 8 3 1 0 7 4 2 6 5 
16 8 8 2 3 1 7 4 0 6 5 
16 6 10 4 0 1 5 2 3 6 7 
15 7 8 4 1 0 5 2 3 6 7 
14 8 6 4 1 5 0 2 3 6 7 
13 9 4 4 1 5 7 2 3 6 0 
16 5 11 5 3 6 0 4 2 7 1 
16 6 10 3 0 1 4 5 2 6 7 
15 7 8 3 2 1 4 5 0 6 7 
14 8 6 3 2 1 4 5 6 0 7 
13 9 4 3 2 1 4 5 6 7 0 
15 7 8 3 1 0 4 5 2 6 7 
16 8 8 2 3 1 4 5 0 6 7 
15 9 6 2 3 1 4 5 6 0 7 
14 10 4 2 3 1 4 5 6 7 0 
16 8 8 7 3 1 4 5 2 6 0 
16 8 8 5 3 1 0 2 6 4 7 
16 6 10 5 3 1 0 4 2 7 6 
16 8 8 5 3 1 0 2 6 7 4 
16 6 10 5 3 7 6 4 2 1 0 
16 6 10 3 2 1 5 4 6 0 7 
16 6 10 3 2 1 5 0 4 6 7 
16 8 8 2 3 1 5 4 6 7 0 
16 9 7 2 3 1 5 7 4 6 0 
16 8 8 5 2 3 1 0 6 7 4 
15 11 4 5 2 3 0 1 6 7 4 
14 12 2 5 2 3 4 1 6 7 0 
16 10 6 5 3 1 0 2 4 6 7 
15 11 4 5 3 1 7 2 4 6 0 
16 8 8 1 5 6 3 4 2 0 7 
16 8 8 1 0 5 3 4 2 6 7 
16 8 8 4 3 1 7 5 2 6 0 
16 7 9 0 5 1 7 2 3 6 4 
16 8 8 5 1 6 7 2 3 0 4 
15 9 6 5 1 6 7 2 3 4 0 
16 8 8 5 1 7 0 2 3 6 4 
16 8 8 4 3 1 7 5 2 6 0 
16 8 8 4 3 1 7 2 6 0 5 
15 9 6 4 3 1 7 2 6 5 0 
16 8 8 3 1 6 7 4 2 0 5 
15 9 6 3 1 6 7 4 2 5 0 
16 8 8 3 1 7 0 4 2 6 5 
15 9 6 3 1 7 5 4 2 6 0 
16 7 9 0 4 1 5 2 3 6 7 
16 8 8 4 1 6 5 2 3 0 7 
16 10 6 4 1 5 7 2 3 0 6 
16 10 6 3 2 1 0 5 6 7 4 
16 8 8 3 1 6 4 5 2 0 7 
15 9 6 3 1 6 4 5 2 7 0 
16 8 8 3 1 4 0 5 2 6 7 
16 9 7 0 2 3 1 5 6 7 4 
13 11 2 1 2 3 0 5 6 7 4 
12 12 0 1 2 3 4 5 6 7 0 
