10 0 10 7 2 0 4 1 5 6 3 
11 1 10 7 2 6 4 1 5 0 3 
10 2 8 7 2 6 4 1 5 3 0 
13 3 10 7 2 6 0 1 5 3 4 
14 2 12 7 2 6 4 1 0 5 3 
14 5 9 0 2 6 4 1 5 3 7 
14 6 8 1 2 6 4 0 5 3 7 
13 7 6 1 2 6 4 5 0 3 7 
14 8 6 1 2 6 4 7 5 3 0 
14 8 6 1 2 6 4 5 3 0 7 
13 9 4 1 2 6 4 5 3 7 0 
15 5 10 7 2 0 4 1 5 3 6 
14 6 8 7 2 3 4 1 5 0 6 
13 7 6 7 2 3 4 1 5 6 0 
15 9 6 1 2 0 4 5 3 6 7 
16 4 12 7 2 0 6 1 5 3 4 
15 5 10 7 2 3 6 1 5 0 4 
16 5 11 0 2 6 7 1 5 3 4 
16 6 10 7 2 6 3 1 5 0 4 
16 6 10 2 0 6 4 1 5 3 7 
15 7 8 2 6 0 4 1 5 3 7 
14 8 6 2 6 3 4 1 5 0 7 
13 9 4 2 6 3 4 1 5 7 0 
16 8 8 5 2 6 4 1 0 3 7 
16 8 8 1 0 6 4 5 2 3 7 
15 9 6 1 6 0 4 5 2 3 7 
14 10 4 1 6 3 4 5 2 0 7 
13 11 2 1 6 3 4 5 2 7 0 
16 10 6 1 2 6 0 5 3 7 4 
16 6 10 7 2 4 0 1 5 3 6 
16 8 8 7 2 3 0 1 5 6 4 
16 10 6 1 2 4 0 5 3 6 7 
16 6 10 7 2 3 6 1 5 4 0 
16 6 10 1 2 6 7 0 5 3 4 
15 7 8 1 2 6 7 5 0 3 4 
16 8 8 2 6 4 0 1 5 3 7 
16 10 6 2 6 3 0 1 5 7 4 
16 10 6 1 6 4 0 5 2 3 7 
16 12 4 1 6 3 0 5 2 7 4 
16 8 8 1 2 6 7 4 5 3 0 
16 8 8 1 2 6 7 5 3 0 4 
17 4 13 7 2 6 4 0 5 3 1 
16 5 11 7 2 6 4 5 0 3 1 
17 3 14 7 0 6 4 1 2 5 3 
16 4 12 7 6 0 4 1 2 5 3 
17 3 14 7 2 6 4 0 1 5 3 
17 7 10 4 2 6 0 1 5 3 7 
17 9 8 1 2 6 0 7 5 3 4 
17 9 8 1 2 6 4 7 5 0 3 
17 7 10 7 2 3 4 1 0 5 6 
17 10 7 0 2 3 4 1 5 6 7 
17 7 10 7 2 6 3 1 5 4 0 
17 7 10 7 2 0 3 1 5 6 4 
17 7 10 2 5 6 4 1 0 3 7 
17 9 8 2 6 3 4 1 0 5 7 
17 9 8 5 2 6 4 1 3 0 7 
16 10 6 5 2 6 4 1 3 7 0 
17 11 6 1 6 3 4 5 0 2 7 
17 7 10 7 2 4 6 1 5 3 0 
17 11 6 1 2 4 7 5 3 6 0 
17 7 10 7 2 3 0 1 5 4 6 
17 9 8 1 2 6 0 7 5 3 4 
17 9 8 2 6 4 7 1 5 3 0 
17 11 6 1 6 4 7 5 2 3 0 
17 9 8 1 2 6 7 5 3 4 0 
17 9 8 1 2 0 7 5 3 6 4 
16 10 6 1 2 7 0 5 3 6 4 
15 11 4 1 2 7 4 5 3 6 0 
17 5 12 0 2 6 4 7 5 3 1 
17 6 11 7 2 6 4 5 3 0 1 
17 4 13 0 7 6 4 1 2 5 3 
17 5 12 7 6 5 4 1 2 0 3 
16 6 10 7 6 5 4 1 2 3 0 
17 5 12 7 6 4 0 1 2 5 3 
16 6 10 7 6 4 3 1 2 5 0 
17 4 13 0 2 6 4 7 1 5 3 
17 5 12 7 2 6 4 3 1 5 0 
17 11 6 1 2 3 4 0 5 6 7 
16 12 4 1 2 3 4 5 0 6 7 
15 13 2 1 2 3 4 5 6 0 7 
14 14 0 1 2 3 4 5 6 7 0 
