2 0 7 2 0 4 1 5 6 3 
6 1 7 2 6 4 1 5 0 3 
7 1 7 2 6 4 1 5 3 0 
4 2 7 2 6 4 0 5 3 1 
5 1 7 2 6 4 5 0 3 1 
6 1 7 2 6 4 5 3 0 1 
7 1 7 2 6 4 5 3 1 0 
0 3 0 2 6 4 5 3 1 7 
5 3 3 2 6 4 5 0 1 7 
6 1 3 2 6 4 5 1 0 7 
7 1 3 2 6 4 5 1 7 0 
0 3 0 2 6 4 5 1 7 3 
5 3 1 2 6 4 5 0 7 3 
6 1 1 2 6 4 5 7 0 3 
7 1 1 2 6 4 5 7 3 0 
2 3 1 2 0 4 5 7 3 6 
6 1 1 2 3 4 5 7 0 6 
5 1 1 2 3 4 5 0 7 6 
4 1 1 2 3 4 0 5 7 6 
7 2 1 2 3 4 6 5 7 0 
0 3 0 2 3 4 6 5 7 1 
5 3 5 2 3 4 6 0 7 1 
4 1 5 2 3 4 0 6 7 1 
0 1 0 2 3 4 5 6 7 1 
7 3 1 2 3 4 5 6 7 0 
42 0.2056410312652588