0 0 0 3 6 0 4 7 1 5 2 
0 0 14 3 6 5 4 7 1 0 2 
0 0 12 3 6 5 4 7 1 2 0 
0 0 14 3 6 4 0 7 1 5 2 
0 0 12 3 6 4 2 7 1 5 0 
0 0 14 3 6 5 0 7 1 2 4 
0 0 14 3 6 5 4 0 1 2 7 
0 0 12 3 6 5 4 1 0 2 7 
0 0 10 3 6 5 4 1 2 0 7 
0 0 8 3 6 5 4 1 2 7 0 
0 0 10 3 6 0 4 1 2 5 7 
0 0 10 3 6 5 0 1 2 7 4 
0 0 10 3 6 0 4 1 2 7 5 
0 0 10 3 6 4 0 1 2 5 7 
0 0 10 3 6 7 4 1 2 0 5 
0 0 8 3 6 7 4 1 2 5 0 
0 0 10 3 6 4 0 1 2 7 5 
0 0 9 3 6 4 5 1 2 7 0 
0 0 10 3 6 4 7 1 2 5 0 
0 0 10 3 6 7 0 1 2 5 4 
0 0 11 0 6 5 4 1 2 7 3 
0 0 10 1 6 5 4 0 2 7 3 
0 0 8 1 6 5 4 3 2 7 0 
0 0 10 2 6 5 4 1 0 7 3 
0 0 10 1 6 5 4 2 0 7 3 
0 0 10 1 0 5 4 6 2 7 3 
0 0 8 1 2 5 4 6 0 7 3 
0 0 8 1 5 0 4 6 2 7 3 
0 0 8 1 2 5 4 6 7 0 3 
0 0 6 1 2 5 4 6 7 3 0 
0 0 8 1 2 5 4 0 6 7 3 
0 0 6 1 2 5 4 3 6 7 0 
0 0 8 1 5 7 4 6 2 0 3 
0 0 6 1 5 7 4 6 2 3 0 
0 0 8 1 5 4 0 6 2 7 3 
0 0 6 1 5 4 3 6 2 7 0 
0 0 8 1 2 0 4 6 7 5 3 
0 0 8 1 2 5 0 6 7 3 4 
0 0 8 1 2 0 4 6 7 3 5 
0 0 6 1 2 3 4 6 7 0 5 
0 0 4 1 2 3 4 6 7 5 0 
0 0 6 1 2 3 4 6 0 7 5 
0 0 6 1 2 3 0 6 7 5 4 
0 0 6 1 2 3 4 0 6 7 5 
0 0 0 1 2 3 4 5 6 7 0 
