12 0 12 7 2 6 4 5 0 1 3 
11 1 10 7 2 6 4 5 1 0 3 
10 2 8 7 2 6 4 5 1 3 0 
12 2 10 7 2 0 4 5 1 6 3 
13 3 10 7 2 6 0 5 1 3 4 
13 3 10 7 2 4 0 5 1 6 3 
12 4 8 7 2 4 3 5 1 6 0 
14 5 9 0 2 6 4 5 1 3 7 
14 8 6 1 2 6 4 5 0 3 7 
15 5 10 7 2 0 4 5 1 3 6 
14 6 8 7 2 3 4 5 1 0 6 
13 7 6 7 2 3 4 5 1 6 0 
15 3 12 7 0 2 4 5 1 6 3 
14 4 10 7 1 2 4 5 0 6 3 
13 5 8 7 1 2 4 5 6 0 3 
12 6 6 7 1 2 4 5 6 3 0 
15 5 10 7 2 4 3 5 1 0 6 
15 9 6 1 2 6 4 5 3 0 7 
14 10 4 1 2 6 4 5 3 7 0 
15 4 11 0 7 2 4 5 1 6 3 
15 7 8 7 1 2 0 5 6 3 4 
15 7 8 1 7 2 4 5 0 6 3 
14 8 6 1 7 2 4 5 6 0 3 
13 9 4 1 7 2 4 5 6 3 0 
15 7 8 3 7 2 4 5 1 6 0 
16 4 12 7 2 0 6 5 1 3 4 
15 5 10 7 2 3 6 5 1 0 4 
16 5 11 0 2 6 7 5 1 3 4 
16 6 10 7 2 6 3 5 1 0 4 
16 5 11 0 2 4 7 5 1 6 3 
16 7 9 0 2 4 3 5 1 6 7 
16 6 10 5 2 6 4 0 1 3 7 
15 7 8 5 2 6 4 1 0 3 7 
16 6 10 2 0 6 4 5 1 3 7 
15 7 8 2 1 6 4 5 0 3 7 
15 7 8 2 6 0 4 5 1 3 7 
14 8 6 2 6 3 4 5 1 0 7 
13 9 4 2 6 3 4 5 1 7 0 
16 6 10 7 2 4 0 5 1 3 6 
16 8 8 7 2 3 0 5 1 6 4 
16 6 10 7 1 0 4 5 6 2 3 
16 9 7 0 1 2 4 5 6 3 7 
16 10 6 1 2 0 4 5 3 6 7 
16 8 8 1 0 2 4 5 7 6 3 
15 9 6 1 2 0 4 5 7 6 3 
16 10 6 1 7 2 0 5 6 3 4 
16 6 10 7 2 3 6 5 1 4 0 
16 8 8 1 2 6 7 5 0 3 4 
16 8 8 1 2 4 7 5 0 6 3 
15 9 6 1 2 4 7 5 6 0 3 
14 10 4 1 2 4 7 5 6 3 0 
15 11 4 1 2 4 0 5 6 3 7 
16 8 8 3 2 4 7 5 1 6 0 
16 10 6 1 2 4 3 5 0 6 7 
15 11 4 1 2 4 3 5 6 0 7 
14 12 2 1 2 4 3 5 6 7 0 
16 8 8 5 2 6 4 7 1 3 0 
16 8 8 5 2 6 4 1 3 0 7 
15 9 6 5 2 6 4 1 3 7 0 
16 8 8 2 1 6 4 5 3 0 7 
15 9 6 2 1 6 4 5 3 7 0 
16 8 8 2 6 4 0 5 1 3 7 
16 10 6 2 6 3 0 5 1 7 4 
16 10 6 1 0 2 4 5 6 3 7 
15 11 4 1 2 0 4 5 6 3 7 
14 12 2 1 2 3 4 5 6 0 7 
13 13 0 1 2 3 4 5 6 7 0 
