5 0 7 2 6 4 5 0 1 3 
6 1 7 2 6 4 5 1 0 3 
7 1 7 2 6 4 5 1 3 0 
0 3 0 2 6 4 5 1 3 7 
5 3 1 2 6 4 5 0 3 7 
6 1 1 2 6 4 5 3 0 7 
7 1 1 2 6 4 5 3 7 0 
2 3 1 2 0 4 5 3 7 6 
6 1 1 2 7 4 5 3 0 6 
5 1 1 2 7 4 5 0 3 6 
4 1 1 2 7 4 0 5 3 6 
7 2 1 2 7 4 6 5 3 0 
2 3 1 2 0 4 6 5 3 7 
6 1 1 2 3 4 6 5 0 7 
7 1 1 2 3 4 6 5 7 0 
4 2 1 2 3 4 0 5 7 6 
5 1 1 2 3 4 5 0 7 6 
1 1 1 0 3 4 5 2 7 6 
2 1 1 3 0 4 5 2 7 6 
6 1 1 3 7 4 5 2 0 6 
7 1 1 3 7 4 5 2 6 0 
2 3 1 3 0 4 5 2 6 7 
1 1 1 0 3 4 5 2 6 7 
5 1 1 2 3 4 5 0 6 7 
6 1 1 2 3 4 5 6 0 7 
7 1 1 2 3 4 5 6 7 0 
37 0.9467747211456299