12 0 12 2 0 1 7 6 5 3 4 
13 1 12 2 5 1 7 6 0 3 4 
12 2 10 2 5 1 7 6 3 0 4 
11 3 8 2 5 1 7 6 3 4 0 
14 2 12 2 5 1 7 0 6 3 4 
12 4 8 2 5 1 7 4 6 3 0 
14 4 10 2 5 1 0 6 3 4 7 
14 3 11 0 5 1 7 2 6 3 4 
14 6 8 4 5 1 7 2 6 3 0 
15 3 12 2 5 0 7 6 3 1 4 
15 5 10 2 5 1 7 0 3 4 6 
15 5 10 2 0 1 7 5 6 3 4 
14 6 8 2 1 0 7 5 6 3 4 
13 7 6 2 1 3 7 5 6 0 4 
13 7 6 2 1 7 0 5 6 3 4 
12 8 4 2 1 7 4 5 6 3 0 
14 8 6 2 1 3 7 5 6 4 0 
15 5 10 2 5 1 0 7 6 3 4 
14 6 8 2 5 1 4 7 6 3 0 
15 5 10 2 5 1 0 4 6 3 7 
15 5 10 2 5 1 7 4 6 0 3 
15 6 9 0 5 1 7 2 3 4 6 
15 6 9 0 2 1 7 5 6 3 4 
15 9 6 2 1 7 4 5 6 0 3 
15 9 6 2 1 3 0 5 6 4 7 
16 4 12 5 0 1 7 2 6 3 4 
15 5 10 5 1 0 7 2 6 3 4 
14 6 8 5 1 3 7 2 6 0 4 
13 7 6 5 1 3 7 2 6 4 0 
14 6 8 5 1 7 0 2 6 3 4 
13 7 6 5 1 7 4 2 6 3 0 
15 7 8 5 1 3 7 2 0 6 4 
16 4 12 2 5 7 0 6 3 1 4 
15 5 10 2 5 7 4 6 3 1 0 
16 4 12 2 0 5 7 6 3 1 4 
15 5 10 2 3 5 7 6 0 1 4 
14 6 8 2 3 5 7 6 1 0 4 
13 7 6 2 3 5 7 6 1 4 0 
16 6 10 2 5 1 7 3 0 4 6 
15 7 8 2 5 1 7 3 4 0 6 
14 8 6 2 5 1 7 3 4 6 0 
16 6 10 2 6 1 7 5 0 3 4 
16 8 8 2 1 3 7 5 0 6 4 
16 10 6 2 1 7 3 5 6 0 4 
16 6 10 2 5 1 7 4 0 6 3 
16 8 8 7 2 1 0 5 6 3 4 
15 9 6 7 2 1 4 5 6 3 0 
16 10 6 2 1 0 4 5 6 7 3 
16 12 4 2 1 3 4 5 6 0 7 
15 13 2 2 1 3 4 5 6 7 0 
16 8 8 5 1 3 0 2 6 4 7 
16 8 8 5 1 7 4 2 6 0 3 
16 6 10 2 3 5 7 0 6 1 4 
14 8 6 2 3 5 7 4 6 1 0 
16 8 8 2 3 5 0 6 1 4 7 
16 7 9 0 3 5 7 2 6 1 4 
16 9 7 2 3 5 7 4 6 0 1 
16 10 6 4 3 5 7 2 6 1 0 
17 6 11 2 5 0 7 6 3 4 1 
17 5 12 2 5 0 1 6 3 4 7 
17 7 10 2 5 1 4 6 3 0 7 
16 8 8 2 5 1 4 6 3 7 0 
17 5 12 7 5 1 0 2 6 3 4 
16 6 10 7 5 1 4 2 6 3 0 
17 7 10 4 5 1 0 2 6 3 7 
17 7 10 4 5 1 7 2 6 0 3 
17 7 10 2 5 1 4 7 6 0 3 
17 7 10 5 0 1 7 2 3 4 6 
16 8 8 5 3 1 7 2 0 4 6 
15 9 6 5 3 1 7 2 4 0 6 
14 10 4 5 3 1 7 2 4 6 0 
16 8 8 5 1 0 7 2 3 4 6 
17 9 8 3 5 1 7 2 0 4 6 
16 10 6 3 5 1 7 2 4 0 6 
15 11 4 3 5 1 7 2 4 6 0 
17 9 8 6 5 1 7 2 3 4 0 
17 7 10 5 2 1 7 0 6 3 4 
17 9 8 4 2 1 7 5 6 3 0 
17 5 12 5 6 1 7 2 0 3 4 
16 6 10 5 6 1 7 2 3 0 4 
15 7 8 5 6 1 7 2 3 4 0 
17 9 8 5 1 7 3 2 6 0 4 
17 6 11 2 5 7 4 6 3 0 1 
17 7 10 2 3 0 7 6 1 5 4 
17 9 8 2 3 5 7 0 1 4 6 
16 10 6 2 3 5 7 1 0 4 6 
15 11 4 2 3 5 7 1 4 0 6 
14 12 2 2 3 5 7 1 4 6 0 
17 9 8 2 5 1 0 3 4 6 7 
17 7 10 2 6 1 7 5 3 0 4 
17 11 6 2 1 7 3 5 6 4 0 
17 11 6 2 1 0 3 5 6 7 4 
16 12 4 2 1 3 0 5 6 7 4 
17 7 10 2 5 1 7 0 4 6 3 
17 11 6 2 1 4 0 5 6 7 3 
16 12 4 2 1 4 3 5 6 7 0 
17 11 6 5 1 3 4 2 6 0 7 
16 12 4 5 1 3 4 2 6 7 0 
17 9 8 2 3 5 0 4 6 1 7 
17 10 7 2 3 5 7 4 0 6 1 
17 11 6 5 3 1 0 2 4 6 7 
17 9 8 5 1 4 7 2 3 0 6 
16 10 6 5 1 4 7 2 3 6 0 
17 9 8 5 1 7 0 2 3 4 6 
17 10 7 0 3 5 7 2 1 4 6 
17 13 4 2 3 5 0 1 4 6 7 
17 8 9 0 5 1 7 2 4 6 3 
17 13 4 1 3 5 7 2 0 4 6 
16 14 2 1 3 5 7 2 4 0 6 
15 15 0 1 3 5 7 2 4 6 0 
18 7 11 2 5 0 7 4 6 3 1 
17 8 9 2 5 3 7 4 6 0 1 
17 9 8 2 5 3 7 4 6 1 0 
18 6 12 6 5 1 7 2 0 3 4 
17 7 10 6 5 1 7 2 3 0 4 
16 8 8 6 5 1 7 2 3 4 0 
18 9 9 0 1 7 2 5 6 3 4 
18 6 12 2 5 0 1 7 6 3 4 
17 7 10 2 5 3 1 7 6 0 4 
18 8 10 2 5 1 3 7 6 0 4 
18 8 10 2 5 1 4 0 6 3 7 
18 6 12 2 5 0 1 4 6 3 7 
17 7 10 2 5 3 1 4 6 0 7 
17 8 9 2 5 3 1 4 6 7 0 
18 8 10 2 5 1 3 4 6 0 7 
18 8 10 2 5 1 4 0 6 3 7 
18 8 10 7 5 1 0 2 3 4 6 
18 10 8 2 1 7 4 5 0 6 3 
18 8 10 5 0 3 7 2 1 6 4 
17 9 8 5 3 0 7 2 1 6 4 
18 8 10 5 1 3 7 0 2 6 4 
16 10 6 5 1 3 7 4 2 6 0 
18 5 13 0 2 5 7 6 3 1 4 
18 8 10 2 5 0 7 3 4 1 6 
18 10 8 7 2 1 4 5 6 0 3 
18 14 4 2 1 3 0 5 6 7 4 
18 8 10 3 0 5 7 2 6 1 4 
18 11 7 4 3 5 7 2 6 0 1 
18 7 11 2 5 4 7 6 3 0 1 
18 7 11 2 5 7 0 6 3 4 1 
18 7 11 2 0 5 7 6 3 4 1 
17 8 9 2 3 5 7 6 0 4 1 
16 9 7 2 3 5 7 6 4 0 1 
16 10 6 2 3 5 7 6 4 1 0 
18 6 12 2 5 4 1 6 3 0 7 
17 7 10 2 5 4 1 6 3 7 0 
18 6 12 2 0 5 1 6 3 4 7 
17 7 10 2 3 5 1 6 0 4 7 
16 8 8 2 3 5 1 6 4 0 7 
17 9 8 2 3 5 1 6 4 7 0 
18 10 8 5 3 0 7 2 4 1 6 
18 12 6 3 5 1 0 2 4 6 7 
18 8 10 5 2 1 7 6 0 3 4 
18 9 9 5 2 1 7 4 6 3 0 
18 10 8 5 2 1 0 7 6 3 4 
17 11 6 5 2 1 4 7 6 3 0 
18 10 8 4 2 1 0 5 6 3 7 
18 6 12 5 6 1 7 0 2 3 4 
18 8 10 5 6 1 0 2 3 4 7 
18 10 8 5 1 7 3 2 6 4 0 
18 10 8 5 1 0 3 2 6 7 4 
17 11 6 5 1 3 0 2 6 7 4 
18 7 11 2 5 0 4 6 3 7 1 
18 7 11 2 5 7 4 6 0 3 1 
18 8 10 2 3 7 0 6 1 5 4 
17 9 8 2 3 7 4 6 1 5 0 
18 12 6 2 3 0 7 1 4 5 6 
18 8 10 2 6 1 7 5 3 4 0 
18 11 7 2 3 5 7 0 4 6 1 
18 10 8 5 1 7 6 2 3 4 0 
18 16 2 1 3 5 0 2 4 6 7 
18 9 9 2 5 3 7 4 0 6 1 
18 10 8 1 0 7 2 5 6 3 4 
18 8 10 2 5 3 1 7 6 4 0 
18 8 10 2 5 3 1 4 0 6 7 
18 9 9 2 5 1 3 4 6 7 0 
18 9 9 0 5 3 7 2 1 6 4 
18 10 8 5 3 6 7 2 1 0 4 
17 11 6 5 3 6 7 2 1 4 0 
18 10 8 5 3 7 0 2 1 6 4 
18 9 9 0 1 3 7 5 2 6 4 
18 8 10 4 2 5 7 6 3 1 0 
18 8 10 2 5 4 7 6 3 1 0 
18 8 10 2 5 7 1 6 3 4 0 
18 9 9 2 3 5 7 0 6 4 1 
15 11 4 2 3 5 7 1 6 4 0 
18 8 10 2 3 5 1 0 6 4 7 
17 11 6 2 3 5 0 1 6 4 7 
18 7 11 0 6 1 7 5 2 3 4 
18 8 10 5 6 1 7 4 2 3 0 
18 12 6 0 3 5 7 2 4 6 1 
18 12 6 1 5 3 7 2 0 6 4 
18 12 6 4 5 3 7 2 1 6 0 
18 10 8 1 0 3 7 5 2 6 4 
17 11 6 1 2 3 7 5 0 6 4 
16 12 4 1 2 3 7 5 6 0 4 
17 13 4 1 2 3 7 5 6 4 0 
18 10 8 0 3 5 7 2 6 4 1 
15 13 2 1 3 5 7 2 6 4 0 
18 12 6 2 3 5 0 1 6 4 7 
18 12 6 2 3 5 7 1 6 0 4 
18 9 9 0 3 5 1 2 6 4 7 
15 11 4 1 3 5 0 2 6 4 7 
14 12 2 1 3 5 7 2 6 4 0 
17 13 4 1 3 5 7 2 6 0 4 
18 14 4 1 2 3 0 5 6 4 7 
18 14 4 1 3 5 0 2 6 4 7 
18 14 4 1 3 5 7 2 6 0 4 
19 6 13 0 5 1 7 6 3 4 2 
19 7 12 2 5 1 6 0 3 4 7 
19 8 11 2 5 1 0 7 3 4 6 
19 9 10 6 2 1 7 5 0 3 4 
19 10 9 0 1 3 7 2 6 4 5 
19 8 11 0 1 7 5 2 6 3 4 
19 9 10 5 1 7 4 0 6 3 2 
19 7 12 2 0 1 7 3 5 4 6 
18 8 10 2 1 0 7 3 5 4 6 
19 7 12 2 6 1 7 0 5 3 4 
19 9 10 2 0 3 7 5 1 6 4 
19 9 10 2 1 3 7 0 5 6 4 
17 11 6 2 1 3 7 4 5 6 0 
19 11 8 2 1 7 3 5 0 6 4 
19 7 12 2 0 1 7 4 5 6 3 
18 8 10 2 1 0 7 4 5 6 3 
19 9 10 7 2 0 1 5 6 3 4 
18 10 8 7 2 3 1 5 6 0 4 
19 11 8 7 2 1 3 5 6 0 4 
19 12 7 0 2 1 4 5 6 3 7 
19 11 8 2 0 1 4 5 6 7 3 
19 13 6 2 1 0 4 5 6 3 7 
19 13 6 2 1 3 4 5 0 6 7 
19 10 9 0 1 3 5 2 6 4 7 
19 9 10 5 1 7 4 2 0 6 3 
19 9 10 2 3 0 5 6 1 4 7 
19 9 10 7 3 5 0 2 6 1 4 
19 10 9 2 3 0 7 4 6 5 1 
19 11 8 4 3 5 0 2 6 1 7 
19 9 10 2 5 1 0 6 3 7 4 
19 7 12 7 5 1 4 2 6 0 3 
19 9 10 5 3 1 7 0 2 4 6 
19 11 8 3 5 0 7 2 4 1 6 
19 7 12 5 6 0 7 2 3 1 4 
19 11 8 2 0 5 7 1 3 4 6 
19 13 6 2 1 4 3 5 6 0 7 
19 13 6 5 1 3 0 2 6 7 4 
19 11 8 5 1 4 0 2 3 6 7 
19 11 8 3 0 5 7 2 1 4 6 
18 12 6 3 1 5 7 2 0 4 6 
17 13 4 3 1 5 7 2 4 0 6 
16 14 2 3 1 5 7 2 4 6 0 
19 13 6 6 3 5 7 2 1 4 0 
19 9 10 5 0 1 7 2 4 6 3 
18 10 8 5 1 0 7 2 4 6 3 
19 15 4 1 3 0 7 2 4 5 6 
19 8 11 2 5 7 0 4 6 3 1 
19 8 11 2 0 5 7 4 6 3 1 
19 9 10 6 5 1 0 2 3 4 7 
19 9 10 2 5 1 3 7 6 4 0 
19 9 10 2 5 1 4 6 0 3 7 
19 7 12 2 0 5 1 4 6 3 7 
19 9 10 2 5 3 0 4 6 7 1 
19 9 10 2 5 1 3 4 0 6 7 
19 9 10 2 5 1 4 6 0 3 7 
19 9 10 7 5 1 6 2 3 4 0 
19 11 8 5 1 3 0 7 2 6 4 
18 12 6 5 1 3 4 7 2 6 0 
19 11 8 5 1 3 0 4 2 6 7 
19 11 8 5 1 3 7 4 2 0 6 
19 9 10 2 5 7 0 3 4 1 6 
19 9 10 2 0 5 7 3 4 1 6 
19 9 10 3 6 5 7 2 0 1 4 
18 10 8 3 6 5 7 2 1 0 4 
17 11 6 3 6 5 7 2 1 4 0 
19 9 10 3 5 0 7 2 6 1 4 
18 10 8 3 5 1 7 2 6 0 4 
17 11 6 3 5 1 7 2 6 4 0 
19 10 9 2 3 0 7 6 4 5 1 
19 11 8 2 3 5 0 6 4 1 7 
19 7 12 2 5 4 1 6 0 3 7 
19 8 11 2 5 4 0 6 3 7 1 
19 9 10 2 3 0 1 6 4 5 7 
18 10 8 2 3 1 0 6 4 5 7 
17 11 6 2 3 1 7 6 4 5 0 
19 10 9 2 3 5 0 6 4 7 1 
19 11 8 5 3 7 0 2 4 1 6 
19 9 10 5 2 1 7 6 3 0 4 
19 10 9 5 2 1 0 4 6 3 7 
19 12 7 0 2 1 4 5 6 3 7 
19 9 10 5 6 1 0 7 2 3 4 
18 10 8 5 6 1 4 7 2 3 0 
19 8 11 2 5 4 0 6 3 7 1 
19 8 11 2 0 7 4 6 5 3 1 
19 13 6 2 3 7 0 1 4 5 6 
19 9 10 2 6 1 0 5 3 4 7 
19 10 9 2 5 3 7 0 4 6 1 
16 12 4 2 5 3 7 1 4 6 0 
19 11 8 1 6 7 2 5 0 3 4 
19 11 8 1 7 0 2 5 6 3 4 
18 12 6 1 7 3 2 5 6 0 4 
18 12 6 1 7 2 0 5 6 3 4 
17 13 4 1 7 2 4 5 6 3 0 
19 9 10 2 5 3 1 0 4 6 7 
18 12 6 2 5 3 0 1 4 6 7 
19 11 8 5 3 7 4 2 1 6 0 
19 11 8 7 1 3 0 5 2 6 4 
18 12 6 7 1 3 4 5 2 6 0 
19 10 9 2 3 5 1 7 6 4 0 
19 9 10 7 6 1 0 5 2 3 4 
18 10 8 7 6 1 4 5 2 3 0 
19 13 6 1 5 3 7 2 6 0 4 
18 14 4 1 5 3 7 2 6 4 0 
19 11 8 1 3 0 7 5 2 6 4 
18 12 6 1 3 7 0 5 2 6 4 
17 13 4 1 3 7 4 5 2 6 0 
19 13 6 1 2 0 7 5 6 3 4 
18 14 4 1 2 7 0 5 6 3 4 
17 15 2 1 2 7 4 5 6 3 0 
19 13 6 2 3 5 7 1 0 6 4 
19 17 2 1 2 3 4 5 6 0 7 
18 18 0 1 2 3 4 5 6 7 0 
