0 0 0 2 0 1 7 6 5 3 4 
0 0 7 2 5 1 7 6 0 3 4 
0 0 7 2 1 0 7 6 5 3 4 
0 0 7 0 2 1 7 6 5 3 4 
0 0 6 4 2 1 7 6 5 3 0 
0 0 7 2 5 1 7 6 3 0 4 
0 0 6 2 5 1 7 6 3 4 0 
0 0 7 2 5 1 7 0 6 3 4 
0 0 6 0 5 1 7 2 6 3 4 
0 0 5 4 5 1 7 2 6 3 0 
0 0 6 2 5 1 7 4 6 3 0 
0 0 6 5 0 1 7 2 6 3 4 
0 0 6 6 5 1 7 2 0 3 4 
0 0 6 4 5 1 7 2 6 0 3 
0 0 5 4 5 1 7 2 0 6 3 
0 0 5 4 0 1 7 2 5 6 3 
0 0 5 4 1 0 7 2 5 6 3 
0 0 5 0 4 1 7 2 5 6 3 
0 0 4 3 4 1 7 2 5 6 0 
0 0 5 5 4 1 7 2 0 6 3 
0 0 4 5 0 1 7 2 4 6 3 
0 0 4 5 1 0 7 2 4 6 3 
0 0 4 0 5 1 7 2 4 6 3 
0 0 3 3 5 1 7 2 4 6 0 
0 0 4 3 5 0 7 2 4 6 1 
0 0 3 3 0 5 7 2 4 6 1 
0 0 2 0 3 5 7 2 4 6 1 
0 0 0 1 3 5 7 2 4 6 0 
