10 0 10 6 5 7 0 1 2 3 4 
9 1 8 6 5 7 4 1 2 3 0 
12 2 10 6 5 7 0 1 2 3 4 
12 2 10 6 5 7 4 1 2 0 3 
13 3 10 6 5 0 4 1 2 7 3 
14 4 10 6 5 0 4 1 2 3 7 
13 5 8 6 5 3 4 1 2 0 7 
12 6 6 6 5 3 4 1 2 7 0 
14 4 10 6 5 4 0 1 2 7 3 
13 5 8 6 5 4 3 1 2 7 0 
15 4 11 0 5 7 4 1 2 3 6 
15 3 12 6 5 0 7 1 2 3 4 
14 4 10 6 5 3 7 1 2 0 4 
13 5 8 6 5 3 7 1 2 4 0 
15 5 10 6 5 7 3 1 2 0 4 
15 3 12 6 5 7 4 1 0 2 3 
15 5 10 6 5 4 0 1 2 3 7 
15 7 8 6 5 3 0 1 2 7 4 
15 5 10 1 5 7 4 0 2 3 6 
13 7 6 1 5 7 4 6 2 3 0 
15 5 10 5 0 7 4 1 2 3 6 
14 6 8 5 2 7 4 1 0 3 6 
15 7 8 5 2 7 4 1 3 0 6 
14 8 6 5 2 7 4 1 3 6 0 
16 3 13 6 5 7 4 0 2 3 1 
16 4 12 6 0 5 4 1 2 7 3 
15 5 10 6 2 5 4 1 0 7 3 
16 6 10 6 5 3 4 1 0 2 7 
16 6 10 4 5 7 0 1 2 3 6 
16 4 12 6 0 5 7 1 2 3 4 
16 6 10 6 5 3 0 1 2 4 7 
16 6 10 6 5 7 3 1 2 4 0 
16 4 12 6 0 7 4 1 5 2 3 
16 6 10 6 5 4 7 1 2 3 0 
16 6 10 1 5 7 4 2 0 3 6 
15 7 8 1 5 7 4 2 3 0 6 
14 8 6 1 5 7 4 2 3 6 0 
15 9 6 1 5 7 0 2 3 6 4 
16 8 8 1 0 7 4 5 2 3 6 
15 9 6 1 2 7 4 5 0 3 6 
16 8 8 1 5 7 0 4 2 3 6 
16 8 8 1 5 7 0 6 2 3 4 
16 8 8 1 5 7 4 6 2 0 3 
16 6 10 5 7 0 4 1 2 3 6 
15 7 8 5 7 3 4 1 2 0 6 
14 8 6 5 7 3 4 1 2 6 0 
16 8 8 5 2 0 4 1 3 7 6 
16 4 12 0 5 7 4 6 2 3 1 
16 5 11 0 6 5 4 1 2 7 3 
16 6 10 6 2 5 4 1 7 0 3 
15 7 8 6 2 5 4 1 7 3 0 
16 5 11 0 6 5 7 1 2 3 4 
16 5 11 0 6 7 4 1 5 2 3 
16 10 6 1 5 0 7 2 3 6 4 
16 10 6 1 2 7 4 5 3 0 6 
15 11 4 1 2 7 4 5 3 6 0 
16 5 11 5 0 7 4 6 2 3 1 
15 6 9 5 2 7 4 6 0 3 1 
16 6 10 1 6 5 4 0 2 7 3 
16 8 8 3 6 5 4 1 2 7 0 
16 6 10 1 6 5 7 0 2 3 4 
14 8 6 1 6 5 7 4 2 3 0 
15 7 8 1 6 5 7 2 0 3 4 
14 8 6 1 6 5 7 2 3 0 4 
13 9 4 1 6 5 7 2 3 4 0 
16 8 8 4 6 5 7 1 2 3 0 
16 6 10 1 6 7 4 0 5 2 3 
15 7 8 1 6 7 4 5 0 2 3 
14 8 6 1 6 7 4 5 2 0 3 
13 9 4 1 6 7 4 5 2 3 0 
15 9 6 1 6 0 4 5 2 7 3 
16 8 8 3 6 7 4 1 5 2 0 
16 7 9 5 2 7 4 6 3 0 1 
16 7 9 5 2 7 4 0 6 3 1 
13 9 4 5 2 7 4 1 6 3 0 
16 8 8 1 6 5 4 3 2 7 0 
16 8 8 1 0 5 7 2 6 3 4 
16 10 6 1 6 5 0 2 3 4 7 
16 8 8 1 6 7 4 3 5 2 0 
16 8 8 1 0 7 4 5 6 2 3 
16 10 6 1 6 7 0 5 2 3 4 
16 10 6 1 6 4 0 5 2 7 3 
15 11 4 1 6 4 3 5 2 7 0 
16 8 8 5 2 7 4 6 3 1 0 
16 8 8 0 2 7 4 5 6 3 1 
13 11 2 1 2 7 4 5 6 3 0 
16 10 6 5 2 7 0 1 6 3 4 
16 10 6 5 2 7 4 1 6 0 3 
16 12 4 1 2 7 0 5 6 3 4 
16 12 4 1 2 7 4 5 6 0 3 
17 4 13 0 5 7 6 1 2 3 4 
17 5 12 6 0 5 4 1 2 3 7 
16 6 10 6 2 5 4 1 0 3 7 
17 7 10 2 5 7 4 1 0 3 6 
17 5 12 6 5 3 7 1 0 2 4 
17 8 9 0 5 3 7 1 2 4 6 
17 7 10 5 2 7 4 0 1 3 6 
15 9 6 5 2 7 4 6 1 3 0 
17 9 8 5 2 7 0 1 3 6 4 
17 4 13 6 5 7 4 2 0 3 1 
17 6 11 6 0 7 4 5 2 3 1 
16 7 9 6 2 7 4 5 0 3 1 
17 7 10 6 0 3 4 1 5 2 7 
17 7 10 4 5 7 6 1 2 3 0 
17 7 10 4 5 0 7 1 2 3 6 
16 8 8 4 5 3 7 1 2 0 6 
15 9 6 4 5 3 7 1 2 6 0 
17 5 12 6 2 5 7 1 0 3 4 
16 6 10 6 2 5 7 1 3 0 4 
15 7 8 6 2 5 7 1 3 4 0 
17 5 12 6 7 0 4 1 5 2 3 
16 6 10 6 7 2 4 1 5 0 3 
15 7 8 6 7 2 4 1 5 3 0 
17 7 10 1 0 7 4 2 5 3 6 
17 9 8 1 7 0 4 5 2 3 6 
16 10 6 1 7 3 4 5 2 0 6 
15 11 4 1 7 3 4 5 2 6 0 
17 9 8 1 5 7 6 4 2 3 0 
17 9 8 1 5 0 7 4 2 3 6 
16 10 6 1 5 3 7 4 2 0 6 
15 11 4 1 5 3 7 4 2 6 0 
17 9 8 1 5 0 4 6 2 7 3 
17 7 10 5 7 4 0 1 2 3 6 
17 9 8 5 7 3 0 1 2 6 4 
17 9 8 5 2 4 0 1 3 7 6 
17 7 10 6 2 0 4 1 7 5 3 
17 11 6 1 5 6 7 2 3 0 4 
16 12 4 1 5 6 7 2 3 4 0 
17 11 6 1 0 5 7 2 3 6 4 
16 12 4 1 3 5 7 2 0 6 4 
17 11 6 1 2 0 4 5 3 7 6 
17 6 11 5 7 0 4 6 2 3 1 
16 7 9 5 7 3 4 6 2 0 1 
16 8 8 5 7 3 4 6 2 1 0 
17 7 10 1 6 5 4 2 0 7 3 
17 9 8 1 6 5 0 4 2 3 7 
17 9 8 1 6 5 7 4 2 0 3 
17 9 8 1 6 0 7 2 3 5 4 
17 8 9 5 2 0 4 6 3 7 1 
17 9 8 1 5 0 7 2 6 3 4 
16 10 6 1 5 3 7 2 6 0 4 
15 11 4 1 5 3 7 2 6 4 0 
17 9 8 1 7 0 4 5 6 2 3 
16 10 6 1 7 2 4 5 6 0 3 
15 11 4 1 7 2 4 5 6 3 0 
17 11 6 5 2 0 4 1 6 7 3 
17 13 4 1 2 0 4 5 6 7 3 
17 5 12 5 0 7 6 1 2 3 4 
16 6 10 5 2 7 6 1 0 3 4 
17 7 10 4 5 7 6 1 2 3 0 
17 6 11 0 6 5 4 1 2 3 7 
17 7 10 6 2 5 4 1 3 0 7 
16 8 8 6 2 5 4 1 3 7 0 
17 9 8 1 5 3 7 0 2 4 6 
16 10 6 1 5 3 7 2 0 4 6 
15 11 4 1 5 3 7 2 4 0 6 
14 12 2 1 5 3 7 2 4 6 0 
17 8 9 0 2 7 4 5 1 3 6 
17 7 10 0 6 7 4 5 2 3 1 
17 8 9 6 2 7 4 5 3 0 1 
17 8 9 0 6 3 4 1 5 2 7 
17 13 4 1 3 5 7 2 6 0 4 
16 14 2 1 3 5 7 2 6 4 0 
17 11 6 1 5 3 7 2 0 6 4 
17 7 10 5 2 7 6 1 3 0 4 
17 7 10 1 6 5 4 0 2 3 7 
17 11 6 1 5 3 7 6 2 4 0 
17 13 4 1 5 3 0 2 4 6 7 
17 11 6 6 2 7 4 5 1 3 0 
17 9 8 6 2 7 4 5 3 1 0 
17 9 8 1 6 3 4 0 5 2 7 
16 10 6 1 6 3 4 5 0 2 7 
15 11 4 1 6 3 4 5 2 0 7 
14 12 2 1 6 3 4 5 2 7 0 
17 9 8 1 6 5 4 7 2 3 0 
17 11 6 1 6 3 4 7 5 2 0 
17 11 6 1 0 3 4 5 6 2 7 
17 13 4 1 6 3 0 5 2 7 4 
18 9 9 0 5 3 4 1 2 7 6 
18 8 10 6 5 0 3 1 2 7 4 
18 6 12 6 5 7 3 1 0 2 4 
18 4 14 6 5 7 4 0 1 2 3 
18 8 10 6 5 4 3 1 2 0 7 
18 8 10 6 5 0 3 1 2 7 4 
18 10 8 1 5 0 4 6 2 3 7 
17 11 6 1 5 3 4 6 2 0 7 
16 12 4 1 5 3 4 6 2 7 0 
18 6 12 6 2 5 4 0 1 7 3 
18 8 10 1 5 0 4 2 3 7 6 
17 9 8 1 5 4 0 2 3 7 6 
18 9 9 0 1 7 4 5 2 3 6 
18 10 8 1 2 7 4 0 5 3 6 
16 12 4 1 2 7 4 6 5 3 0 
18 8 10 5 7 3 4 1 0 2 6 
18 7 11 2 5 7 4 6 0 3 1 
18 8 10 2 6 5 4 1 0 7 3 
18 8 10 6 2 5 0 1 7 3 4 
18 8 10 2 6 5 7 1 0 3 4 
17 9 8 2 6 5 7 1 3 0 4 
16 10 6 2 6 5 7 1 3 4 0 
18 8 10 5 6 7 4 1 0 2 3 
17 9 8 5 6 7 4 1 2 0 3 
16 10 6 5 6 7 4 1 2 3 0 
18 12 6 1 2 7 0 5 3 6 4 
18 12 6 1 6 0 4 5 2 3 7 
18 10 8 1 0 6 4 5 2 7 3 
17 11 6 1 2 6 4 5 0 7 3 
18 12 6 5 2 0 4 1 6 3 7 
17 13 4 5 2 3 4 1 6 0 7 
16 14 2 5 2 3 4 1 6 7 0 
18 9 9 0 1 5 7 2 6 3 4 
18 9 9 0 1 7 4 5 6 2 3 
18 12 6 1 6 4 3 5 2 0 7 
18 9 9 2 0 7 4 5 6 3 1 
18 14 4 1 2 0 4 5 6 3 7 
17 15 2 1 2 3 4 5 6 0 7 
16 16 0 1 2 3 4 5 6 7 0 
