14 0 14 3 5 0 4 7 1 6 2 
15 1 14 3 5 6 4 7 1 0 2 
14 2 12 3 5 6 4 7 1 2 0 
16 3 13 3 5 6 0 7 1 2 4 
18 2 16 3 5 6 4 7 0 1 2 
18 4 14 3 5 6 4 0 1 2 7 
17 5 12 3 5 6 4 1 0 2 7 
16 6 10 3 5 6 4 1 2 0 7 
15 7 8 3 5 6 4 1 2 7 0 
17 7 10 3 5 6 0 4 1 2 7 
16 8 8 3 5 6 7 4 1 2 0 
17 7 10 3 5 0 4 1 2 6 7 
16 8 8 3 5 4 0 1 2 6 7 
15 9 6 3 5 4 7 1 2 6 0 
18 6 12 3 5 6 7 0 1 2 4 
17 7 10 3 5 6 7 1 0 2 4 
16 8 8 3 5 6 7 1 2 0 4 
15 9 6 3 5 6 7 1 2 4 0 
17 9 8 3 5 0 7 1 2 6 4 
18 6 12 3 0 6 4 1 5 2 7 
17 7 10 3 6 0 4 1 5 2 7 
16 8 8 3 6 2 4 1 5 0 7 
15 9 6 3 6 2 4 1 5 7 0 
18 8 10 3 5 6 0 1 2 7 4 
18 8 10 3 0 5 4 1 2 6 7 
18 10 8 3 5 4 7 1 2 0 6 
18 10 8 3 5 6 0 1 2 4 7 
18 10 8 3 5 7 0 1 2 6 4 
18 10 8 3 0 5 7 1 2 6 4 
18 7 11 0 3 6 4 1 5 2 7 
18 8 10 3 6 4 0 1 5 2 7 
18 10 8 3 6 2 0 1 5 7 4 
18 9 9 0 3 5 4 1 2 6 7 
17 11 6 4 3 5 0 1 2 6 7 
16 12 4 4 3 5 7 1 2 6 0 
18 11 7 0 3 5 7 1 2 6 4 
18 8 10 1 3 6 4 0 5 2 7 
17 9 8 1 3 6 4 5 0 2 7 
16 10 6 1 3 6 4 5 2 0 7 
15 11 4 1 3 6 4 5 2 7 0 
17 11 6 1 3 0 4 5 2 6 7 
18 10 8 1 3 5 4 0 2 6 7 
17 11 6 1 3 5 4 2 0 6 7 
17 13 4 1 3 5 0 4 2 6 7 
16 14 2 1 3 5 7 4 2 6 0 
18 12 6 1 3 5 7 0 2 6 4 
17 13 4 1 3 5 7 2 0 6 4 
18 10 8 1 3 6 4 7 5 2 0 
18 12 6 1 3 6 0 5 2 7 4 
18 12 6 1 3 4 0 5 2 6 7 
18 12 6 1 0 3 4 5 2 6 7 
17 13 4 1 2 3 4 5 0 6 7 
16 14 2 1 2 3 4 5 6 0 7 
15 15 0 1 2 3 4 5 6 7 0 
